Galaxy	rho0	rnfw	sig0	sigb	rdisc	rbulge	ChiSq
NGC 1097	384718506.8	57.03889274	8.8907E+14	1.14417E+13	0.440933339	0.100000571	1.2186
							
Rkpc	Vkms	Vhalo	Vdisc	Vbulge			
0.05	43.87859	0.677705855	51.32767282	58.81717031			
0.1	90.33922	0.95786155	87.66728192	41.59001998			
0.15	140.10513	1.172452018	116.9079682	33.95810911			
0.2	187.59253	1.353042251	141.1264641	29.40858516			
0.25	227.9332	1.511866622	161.4340501	26.30383821			
0.3	260.99072	1.655203585	178.5536876	24.01200923			
0.35	286.95764	1.786785137	193.0057596	22.23080078			
0.4	306.35907	1.909044379	205.1884979	20.79500999			
0.45	320.55051	2.023672391	215.4192148	19.60572344			
0.5	331.04852	2.131901199	223.9579568	18.59962237			
0.55	338.83231	2.23466146	231.0222229	17.73404411			
0.6	344.26486	2.33267665	236.7967079	16.97905456			
0.65	348.13382	2.426522472	241.440075	16.31294796			
0.7	351.09439	2.516665998	245.0898529	15.71954998			
0.75	353.24884	2.603492402	247.8660944	15.18652807			
0.8	354.64575	2.687323789	249.8741841	14.70429258			
0.85	355.76633	2.768432792	251.2070438	14.26525917			
0.9	356.9379	2.847052619	251.9468981	13.86333999			
0.95	357.9187	2.923384613	252.1667124	13.49358429			
1	358.48886	2.997604048	251.93138	13.15191911			
1.05	358.57678	3.069864637	251.2987156	12.83495882			
1.1	358.30069	3.140302073	250.3202944	12.53986285			
1.15	357.9068	3.209036869	249.0421684	12.2642278			
1.2	357.51288	3.27617664	247.5054822	12.00600462			
1.25	357.11896	3.341817958	245.7470067	11.76343406			
1.3	356.58255	3.406047886	243.799605	11.53499612			
1.35	355.75143	3.46894524	241.6926397	11.3193697			
1.4	354.75842	3.530581648	239.4523324	11.11540039			
1.45	353.741	3.59102244	237.1020821	10.92207433			
1.5	352.71497	3.650327398	234.6627475	10.73849698			
1.55	351.6723	3.708551398	232.1528986	10.56387564			
1.6	350.60541	3.765744957	229.5890423	10.39750499			
1.65	349.50497	3.821954705	226.9858239	10.23875514			
1.7	348.35492	3.877223795	224.3562084	10.08706149			
1.75	347.12759	3.931592255	221.7116443	9.941916349			
1.8	345.785	3.985097297	219.0622105	9.802861719			
1.85	344.29062	4.037773592	216.41675	9.669483236			
1.9	342.6264	4.089653503	213.7829901	9.541404955			
1.95	340.80441	4.140767299	211.1676523	9.418284895			
2	338.86417	4.191143338	208.5765506	9.299811186			
2.05	336.85812	4.240808236	206.0146824	9.185698752			
2.1	334.83441	4.289787013	203.4863103	9.075686415			
2.15	332.82535	4.338103222	200.9950359	8.969534384			
2.2	330.84433	4.385779071	198.5438684	8.867022053			
2.25	328.88828	4.432835528	196.1352857	8.767946071			
2.3	326.94315	4.479292415	193.7712906	8.672118647			
2.35	324.99051	4.525168495	191.4534623	8.579366048			
2.4	323.01358	4.570481552	189.1830022	8.489527279			
2.45	321.00107	4.615248458	186.9607767	8.402452902			
2.5	318.94772	4.65948524	184.7873555	8.318003996			
2.55	316.85052	4.703207139	182.6630466	8.236051219			
2.6	314.70425	4.746428663	180.5879276	8.156473979			
2.65	312.49973	4.789163633	178.561875	8.079159684			
2.7	310.22891	4.831425232	176.5845901	8.004003077			
2.75	307.89362	4.873226044	174.6556224	7.930905627			
2.8	305.51306	4.914578091	172.774391	7.859774992			
2.85	303.12494	4.95549287	170.9402039	7.790524523			
2.9	300.77832	4.995981383	169.1522752	7.723072825			
2.95	298.52066	5.036054167	167.4097406	7.65734335			
3	296.384	5.075721322	165.7116715	7.593264037			
3.05	294.37665	5.114992534	164.0570872	7.530766974			
3.1	292.48615	5.153877102	162.4449665	7.4697881			
3.15	290.69058	5.192383957	160.8742569	7.410266927			
3.2	288.97125	5.230521684	159.3438838	7.352146289			
3.25	287.31754	5.268298537	157.8527583	7.295372109			
3.3	285.72452	5.305722463	156.3997837	7.239893189			
3.35	284.18927	5.342801112	154.9838615	7.185661016			
3.4	282.71069	5.379541856	153.6038968	7.132629583			
3.45	281.29242	5.415951801	152.2588027	7.080755224			
3.5	279.94275	5.452037802	150.9475039	7.029996468			
3.55	278.67026	5.487806474	149.6689403	6.980313892			
3.6	277.47806	5.523264205	148.4220698	6.931669997			
3.65	276.36243	5.558417167	147.2058701	6.884029088			
3.7	275.31778	5.593271324	146.0193413	6.837357167			
3.75	274.34232	5.627832443	144.861507	6.791621823			
3.8	273.43906	5.662106107	143.7314156	6.746792146			
3.85	272.6116	5.696097715	142.6281413	6.702838635			
3.9	271.86081	5.729812497	141.5507848	6.659733116			
3.95	271.18658	5.763255521	140.4984733	6.617448669			
4	270.59363	5.796431696	139.4703616	6.575959553			
4.05	270.09344	5.829345783	138.4656314	6.535241146			
4.1	269.69928	5.8620024	137.4834916	6.495269877			
4.15	269.41779	5.894406026	136.523178	6.456023174			
4.2	269.24649	5.926561011	135.5839531	6.417479408			
4.25	269.17978	5.958471576	134.6651054	6.379617842			
4.3	269.21747	5.990141825	133.7659493	6.342418587			
4.35	269.36642	6.021575741	132.8858246	6.305862556			
4.4	269.63263	6.052777201	132.0240953	6.269931423			
4.45	270.01178	6.08374997	131.1801497	6.234607584			
4.5	270.48688	6.114497713	130.3533993	6.199874124			
4.55	271.03476	6.145023996	129.5432783	6.165714778			
4.6	271.63507	6.175332287	128.7492426	6.132113902			
4.65	272.27478	6.205425966	127.9707696	6.099056444			
4.7	272.94681	6.235308323	127.2073571	6.066527911			
4.75	273.64658	6.264982562	126.4585225	6.034514347			
4.8	274.37061	6.294451807	125.7238025	6.003002308			
4.85	275.11703	6.323719102	125.0027519	5.971978832			
4.9	275.88611	6.352787415	124.2949434	5.941431426			
4.95	276.67896	6.38165964	123.5999664	5.911348035			
5	277.49619	6.410338602	122.9174268	5.881717031			
5.05	278.33765	6.438827054	122.2469459	5.852527189			
5.1	279.20383	6.467127687	121.5881601	5.823767667			
5.15	280.09717	6.495243125	120.9407203	5.795427997			
5.2	281.02109	6.523175931	120.3042908	5.767498061			
5.25	281.97739	6.55092861	119.6785495	5.73996808			
5.3	282.96387	6.578503606	119.0631866	5.712828599			
5.35	283.97458	6.605903311	118.4579045	5.686070473			
5.4	285.00208	6.633130059	117.8624171	5.659684852			
5.45	286.04034	6.660186134	117.2764494	5.633663175			
5.5	287.08575	6.68707377	116.6997369	5.60799715			
5.55	288.13763	6.713795149	116.1320252	5.582678749			
5.6	289.19806	6.740352409	115.5730696	5.557700195			
5.65	290.27203	6.766747638	115.0226347	5.533053953			
5.7	291.36697	6.792982883	114.4804937	5.508732719			
5.75	292.49026	6.819060145	113.9464285	5.484729413			
5.8	293.64536	6.844981385	113.4202287	5.461037166			
5.85	294.82764	6.87074852	112.9016921	5.437649319			
5.9	296.02246	6.896363431	112.3906234	5.414559409			
5.95	297.2067	6.921827959	111.8868346	5.391761163			
6	298.35413	6.947143907	111.3901444	5.369248492			
6.05	299.44312	6.972313042	110.9003778	5.347015483			
6.1	300.46375	6.997337097	110.4173662	5.325056395			
6.15	301.41959	7.02221777	109.9409466	5.303365647			
6.2	302.32343	7.046956724	109.4709619	5.281937819			
6.25	303.18964	7.071555593	109.0072602	5.260767643			
6.3	304.02859	7.096015976	108.5496948	5.239849995			
6.35	304.84521	7.120339445	108.098124	5.219179894			
6.4	305.63992	7.144527539	107.6524108	5.198752497			
6.45	306.40891	7.168581769	107.2124227	5.178563091			
6.5	307.14343	7.192503618	106.7780315	5.15860709			
6.55	307.83054	7.216294543	106.3491134	5.138880031			
6.6	308.45724	7.239955972	105.9255482	5.119377569			
6.65	309.01645	7.263489307	105.5072197	5.100095476			
6.7	309.51013	7.286895926	105.0940155	5.081029632			
6.75	309.94687	7.310177182	104.6858266	5.062176024			
6.8	310.33597	7.333334403	104.2825472	5.043530746			
6.85	310.68314	7.356368894	103.884075	5.025089986			
6.9	310.991	7.379281938	103.4903107	5.006850035			
6.95	311.26245	7.402074794	103.101158	4.988807274			
7	311.50354	7.4247487	102.7165233	4.970958174			
7.05	311.72302	7.447304872	102.3363161	4.953299297			
7.1	311.92957	7.469744508	101.9604482	4.935827288			
7.15	312.12958	7.492068782	101.5888342	4.918538873			
7.2	312.32614	7.514278851	101.221391	4.90143086			
7.25	312.51874	7.536375851	100.8580378	4.884500132			
7.3	312.7034	7.5583609	100.4986964	4.86774365			
7.35	312.87292	7.580235098	100.1432904	4.851158445			
7.4	313.01837	7.601999527	99.79174566	4.834741618			
7.45	313.13263	7.62365525	99.44399012	4.81849034			
7.5	313.21426	7.645203314	99.0999536	4.802401846			
7.55	313.26987	7.66664475	98.75956783	4.786473438			
7.6	313.31317	7.687980571	98.42276635	4.770702478			
7.65	313.3613	7.709211775	98.08948446	4.755086388			
7.7	313.42969	7.730339344	97.75965914	4.739622652			
7.75	313.5275	7.751364245	97.43322903	4.724308807			
7.8	313.65494	7.77228743	97.1101343	4.709142447			
7.85	313.80313	7.793109837	96.7903167	4.694121221			
7.9	313.95679	7.813832387	96.4737194	4.679242828			
7.95	314.09879	7.834455992	96.16028703	4.664505019			
8	314.21524	7.854981544	95.84996557	4.649905593			
8.05	314.29926	7.875409927	95.54270235	4.635442399			
8.1	314.35202	7.89574201	95.23844596	4.621113331			
8.15	314.3804	7.915978647	94.93714626	4.606916329			
8.2	314.39331	7.936120684	94.6387543	4.592849376			
8.25	314.39835	7.95616895	94.34322231	4.578910499			
8.3	314.40082	7.976124264	94.05050363	4.565097766			
8.35	314.40475	7.995987435	93.76055272	4.551409286			
8.4	314.41501	8.015759257	93.47332507	4.537843207			
8.45	314.4389	8.035440515	93.18877721	4.524397717			
8.5	314.48581	8.055031982	92.90686668	4.511071037			
8.55	314.56445	8.074534421	92.62755197	4.497861431			
8.6	314.67868	8.093948583	92.35079251	4.484767192			
8.65	314.82443	8.113275209	92.07654863	4.471786652			
8.7	314.98932	8.132515031	91.80478157	4.458918174			
8.75	315.15552	8.151668769	91.53545338	4.446160156			
8.8	315.30487	8.170737135	91.26852699	4.433511026			
8.85	315.42377	8.18972083	91.00396611	4.420969245			
8.9	315.50693	8.208620546	90.74173523	4.408533301			
8.95	315.55728	8.227436966	90.48179962	4.396201715			
9	315.58331	8.246170762	90.22412527	4.383973036			
9.05	315.5946	8.264822602	89.96867891	4.371845839			
9.1	315.5986	8.283393139	89.71542794	4.35981873			
9.15	315.59973	8.301883021	89.46434048	4.347890339			
9.2	315.59998	8.320292887	89.21538526	4.336059323			
9.25	315.60001	8.338623369	88.96853171	4.324324365			
9.3	315.60001	8.356875087	88.72374984	4.31268417			
9.35	315.60001	8.375048657	88.48101029	4.301137472			
9.4	315.60001	8.393144685	88.24028429	4.289683024			
9.45	315.60001	8.411163771	88.00154364	4.278319605			
9.5	315.60001	8.429106505	87.76476072	4.267046016			
9.55	315.60001	8.446973472	87.52990842	4.255861079			
9.6	315.60001	8.464765248	87.29696021	4.244763639			
9.65	315.60001	8.482482403	87.06589005	4.233752561			
9.7	315.60001	8.500125499	86.8366724	4.222826729			
9.75	315.60001	8.517695091	86.60928224	4.211985051			
9.8	315.60001	8.535191729	86.38369501	4.201226451			
9.85	315.60001	8.552615955	86.15988661	4.190549874			
9.9	315.59991	8.569968304	85.93783343	4.179954282			
9.95	315.5994	8.587249306	85.71751227	4.169438657			
10	315.59747	8.604459482	85.49890039	4.159001998			
10.05	315.59131	8.62159935	85.28197545	4.148643322			
10.1	315.5755	8.63866942	85.06671555	4.138361662			
10.15	315.54169	8.655670196	84.85309917	4.128156069			
10.2	315.48026	8.672602177	84.64110521	4.11802561			
10.25	315.38376	8.689465856	84.43071292	4.107969366			
10.3	315.25058	8.70626172	84.22190194	4.097986437			
10.35	315.08582	8.722990249	84.0146523	4.088075935			
10.4	314.89957	8.739651919	83.80894436	4.078236989			
10.45	314.70279	8.756247202	83.60475882	4.068468743			
10.5	314.50427	8.772776561	83.40207676	4.058770353			
10.55	314.30896	8.789240458	83.20087957	4.049140991			
10.6	314.11819	8.805639345	83.00114895	4.039579842			
10.65	313.93069	8.821973673	82.80286694	4.030086104			
10.7	313.74368	8.838243886	82.6060159	4.020658989			
10.75	313.55417	8.854450423	82.41057847	4.011297722			
10.8	313.35974	8.87059372	82.2165376	4.002001538			
10.85	313.15948	8.886674205	82.02387653	3.992769689			
10.9	312.9541	8.902692304	81.83257879	3.983601434			
10.95	312.74548	8.918648438	81.64262816	3.974496047			
11	312.53598	8.934543022	81.45400873	3.965452814			
11.05	312.32764	8.950376468	81.26670484	3.956471029			
11.1	312.12183	8.966149183	81.08070108	3.947550001			
11.15	311.91885	8.981861569	80.8959823	3.938689047			
11.2	311.71838	8.997514025	80.71253361	3.929887496			
11.25	311.51968	9.013106945	80.53034036	3.921144688			
11.3	311.32199	9.028640718	80.34938813	3.912459971			
11.35	311.12469	9.044115732	80.16966273	3.903832706			
11.4	310.92731	9.059532366	79.99115022	3.895262262			
11.45	310.72919	9.074891	79.81383687	3.886748017			
11.5	310.52942	9.090192007	79.63770916	3.878289361			
11.55	310.32648	9.105435757	79.4627538	3.86988569			
11.6	310.11874	9.120622617	79.28895771	3.861536412			
11.65	309.90463	9.135752948	79.116308	3.853240943			
11.7	309.68292	9.15082711	78.944792	3.844998707			
11.75	309.45206	9.165845458	78.77439723	3.836809137			
11.8	309.2095	9.180808344	78.6051114	3.828671675			
11.85	308.95132	9.195716115	78.43692242	3.82058577			
11.9	308.67346	9.210569115	78.26981837	3.812550881			
11.95	308.37366	9.225367687	78.10378753	3.804566472			
12	308.0531	9.240112167	77.93881834	3.796632018			
12.05	307.71594	9.254802891	77.77489944	3.788747			
12.1	307.3678	9.269440188	77.61201961	3.780910907			
12.15	307.01376	9.284024388	77.45016783	3.773123235			
12.2	306.65735	9.298555814	77.28933323	3.765383487			
12.25	306.30106	9.313034788	77.12950509	3.757691173			
12.3	305.94736	9.327461628	76.97067287	3.750045812			
12.35	305.5997	9.341836649	76.81282617	3.742446927			
12.4	305.26263	9.356160165	76.65595475	3.73489405			
12.45	304.94058	9.370432484	76.50004853	3.727386718			
12.5	304.63602	9.384653911	76.34509756	3.719924474			
12.55	304.34747	9.398824752	76.19109203	3.712506871			
12.6	304.06866	9.412945306	76.03802229	3.705133464			
12.65	303.78979	9.42701587	75.88587883	3.697803816			
12.7	303.5	9.44103674	75.73465225	3.690517496			
12.75	303.1907	9.455008209	75.58433331	3.683274078			
12.8	302.85895	9.468930564	75.43491289	3.676073145			
12.85	302.50891	9.482804094	75.286382	3.668914281			
12.9	302.15137	9.496629081	75.13873177	3.661797079			
12.95	301.80075	9.510405808	74.99195348	3.654721136			
13	301.47092	9.524134554	74.8460385	3.647686055			
13.05	301.17078	9.537815594	74.70097833	3.640691444			
13.1	300.90097	9.551449202	74.55676459	3.633736917			
13.15	300.65335	9.565035651	74.41338903	3.626822093			
13.2	300.41309	9.578575209	74.2708435	3.619946595			
13.25	300.16315	9.592068141	74.12911994	3.613110051			
13.3	299.88943	9.605514713	73.98821043	3.606312096			
13.35	299.58521	9.618915186	73.84810716	3.599552367			
13.4	299.25317	9.63226982	73.7088024	3.592830508			
13.45	298.90454	9.645578871	73.57028855	3.586146166			
13.5	298.55569	9.658842595	73.43255809	3.579498994			
13.55	298.22308	9.672061243	73.2956036	3.572888649			
13.6	297.91833	9.685235067	73.15941779	3.566314791			
13.65	297.64496	9.698364315	73.02399343	3.559777087			
13.7	297.39771	9.711449232	72.88932341	3.553275205			
13.75	297.16479	9.724490062	72.7554007	3.546808821			
13.8	296.93225	9.737487048	72.62221836	3.540377612			
13.85	296.68814	9.750440429	72.48976956	3.533981261			
13.9	296.42557	9.763350443	72.35804753	3.527619453			
13.95	296.14401	9.776217325	72.22704561	3.52129188			
14	295.84833	9.789041309	72.09675721	3.514998234			
14.05	295.54651	9.801822626	71.96717585	3.508738214			
14.1	295.24707	9.814561507	71.8382951	3.502511522			
14.15	294.95676	9.827258179	71.71010863	3.496317863			
14.2	294.67993	9.839912868	71.5826102	3.490156946			
14.25	294.41943	9.852525797	71.45579363	3.484028483			
14.3	294.17886	9.86509719	71.32965282	3.47793219			
14.35	293.96368	9.877627265	71.20418176	3.471867788			
14.4	293.78058	9.890116242	71.07937449	3.465834998			
14.45	293.63376	9.902564338	70.95522517	3.459833548			
14.5	293.52148	9.914971766	70.83172798	3.453863166			
14.55	293.43448	9.927338741	70.7088772	3.447923586			
14.6	293.35794	9.939665473	70.58666718	3.442014544			
14.65	293.27557	9.951952173	70.46509233	3.436135779			
14.7	293.17462	9.964199047	70.34414714	3.430287033			
14.75	293.04929	9.976406303	70.22382616	3.424468052			
14.8	292.90253	9.988574144	70.10412401	3.418678583			
14.85	292.74487	10.00070277	69.98503536	3.412918379			
14.9	292.59122	10.0127924	69.86655497	3.407187194			
14.95	292.45651	10.02484321	69.74867764	3.401484785			
15	292.35123	10.0368554	69.63139825	3.395810911			
15.05	292.27863	10.04882919	69.51471172	3.390165337			
15.1	292.23465	10.06076475	69.39861307	3.384547826			
15.15	292.21069	10.07266228	69.28309732	3.378958148			
15.2	292.19742	10.08452199	69.1681596	3.373396073			
15.25	292.18738	10.09634404	69.05379508	3.367861375			
15.3	292.17575	10.10812864	68.93999898	3.36235383			
15.35	292.15912	10.11987597	68.82676657	3.356873217			
15.4	292.13376	10.13158622	68.71409321	3.351419317			
15.45	292.09418	10.14325958	68.60197427	3.345991914			
15.5	292.03372	10.15489622	68.49040521	3.340590794			
15.55	291.94678	10.16649632	68.37938151	3.335215745			
15.6	291.83136	10.17806008	68.26889873	3.329866558			
15.65	291.69028	10.18958766	68.15895246	3.324543027			
15.7	291.52954	10.20107924	68.04953835	3.319244947			
15.75	291.35577	10.21253501	67.94065211	3.313972116			
15.8	291.17407	10.22395513	67.83228948	3.308724334			
15.85	290.98801	10.23533979	67.72444625	3.303501404			
15.9	290.80103	10.24668914	67.61711827	3.29830313			
15.95	290.61832	10.25800337	67.51030143	3.293129317			
16	290.44791	10.26928264	67.40399166	3.287979777			
16.05	290.29944	10.28052712	67.29818494	3.282854318			
16.1	290.181	10.29173698	67.1928773	3.277752754			
16.15	290.09531	10.30291239	67.08806482	3.2726749			
16.2	290.0369	10.3140535	66.98374359	3.267620573			
16.25	289.99295	10.32516049	66.87990978	3.262589592			
16.3	289.94653	10.33623352	66.77655959	3.257581776			
16.35	289.88171	10.34727274	66.67368925	3.252596951			
16.4	289.78824	10.35827832	66.57129505	3.247634939			
16.45	289.66464	10.36925041	66.46937331	3.242695567			
16.5	289.51865	10.38018918	66.36792038	3.237778664			
16.55	289.36499	10.39109478	66.26693267	3.23288406			
16.6	289.2207	10.40196737	66.16640662	3.228011587			
16.65	289.09995	10.41280709	66.06633871	3.223161079			
16.7	289.00977	10.42361411	65.96672544	3.21833237			
16.75	288.94791	10.43438857	65.86756337	3.213525299			
16.8	288.90369	10.44513063	65.7688491	3.208739704			
16.85	288.86157	10.45584044	65.67057924	3.203975426			
16.9	288.80582	10.46651815	65.57275045	3.199232306			
16.95	288.72537	10.47716389	65.47535944	3.194510189			
17	288.61697	10.48777783	65.37840293	3.189808921			
17.05	288.48602	10.49836011	65.28187768	3.185128348			
17.1	288.34451	10.50891086	65.1857805	3.180468318			
17.15	288.20721	10.51943024	65.09010822	3.175828683			
17.2	288.08691	10.52991839	64.9948577	3.171209294			
17.25	287.99078	10.54037545	64.90002584	3.166610003			
17.3	287.91818	10.55080156	64.80560957	3.162030666			
17.35	287.86075	10.56119686	64.71160584	3.157471138			
17.4	287.80505	10.57156149	64.61801165	3.152931278			
17.45	287.7363	10.58189558	64.52482403	3.148410944			
17.5	287.64325	10.59219929	64.43204003	3.143909997			
17.55	287.52182	10.60247273	64.33965672	3.139428298			
17.6	287.37689	10.61271605	64.24767123	3.134965711			
17.65	287.22089	10.62292937	64.15608068	3.130522101			
17.7	287.07004	10.63311284	64.06488227	3.126097332			
17.75	286.93958	10.64326659	63.97407317	3.121691273			
17.8	286.83932	10.65339075	63.88365062	3.117303792			
17.85	286.77161	10.66348544	63.79361188	3.112934759			
17.9	286.73196	10.6735508	63.70395422	3.108584044			
17.95	286.71213	10.68358695	63.61467496	3.104251521			
18	286.70374	10.69359404	63.52577143	3.099937062			
18.05	286.70041	10.70357217	63.43724099	3.095640543			
18.1	286.69772	10.71352148	63.34908103	3.091361839			
18.15	286.69168	10.7234421	63.26128896	3.087100829			
18.2	286.6767	10.73333414	63.17386223	3.082857389			
18.25	286.64493	10.74319774	63.08679829	3.0786314			
18.3	286.58771	10.75303302	63.00009463	3.074422743			
18.35	286.49881	10.76284009	62.91374878	3.070231299			
18.4	286.37823	10.77261908	62.82775825	3.066056951			
18.45	286.23389	10.78237011	62.74212062	3.061899584			
18.5	286.08026	10.79209331	62.65683347	3.057759082			
18.55	285.93439	10.80178878	62.57189441	3.053635332			
18.6	285.81097	10.81145665	62.48730106	3.049528222			
18.65	285.71771	10.82109703	62.40305107	3.045437639			
18.7	285.65305	10.83071005	62.31914214	3.041363473			
18.75	285.60672	10.84029582	62.23557194	3.037305615			
18.8	285.56271	10.84985445	62.1523382	3.033263955			
18.85	285.50427	10.85938605	62.06943867	3.029238388			
18.9	285.41891	10.86889076	61.98687109	3.025228805			
18.95	285.30243	10.87836866	61.90463326	3.021235102			
19	285.16006	10.88781989	61.82272298	3.017257174			
19.05	285.00473	10.89724454	61.74113807	3.013294917			
19.1	284.85269	10.90664274	61.65987637	3.009348229			
19.15	284.71869	10.91601459	61.57893576	3.005417008			
19.2	284.61166	10.92536019	61.49831411	3.001501154			
19.25	284.53265	10.93467967	61.41800933	2.997600566			
19.3	284.47546	10.94397313	61.33801934	2.993715146			
19.35	284.42935	10.95324067	61.25834209	2.989844795			
19.4	284.38284	10.96248241	61.17897552	2.985989416			
19.45	284.32703	10.97169845	61.09991763	2.982148914			
19.5	284.25748	10.98088889	61.02116642	2.978323192			
19.55	284.17435	10.99005384	60.94271988	2.974512156			
19.6	284.08112	10.99919341	60.86457607	2.970715713			
19.65	283.98251	11.00830769	60.78673304	2.966933769			
19.7	283.88272	11.0173968	60.70918884	2.963166233			
19.75	283.78461	11.02646083	60.63194158	2.959413012			
19.8	283.68967	11.03549988	60.55498934	2.955674018			
19.85	283.59894	11.04451407	60.47833026	2.951949159			
19.9	283.51352	11.05350348	60.40196247	2.948238348			
19.95	283.43497	11.06246822	60.32588413	2.944541496			
20	283.36478	11.07140838	60.2500934	2.940858516			
20.05	283.30325	11.08032407	60.17458848	2.937189321			
20.1	283.24835	11.08921539	60.09936756	2.933533826			
20.15	283.19516	11.09808243	60.02442886	2.929891945			
20.2	283.13644	11.10692529	59.94977063	2.926263594			
20.25	283.06451	11.11574406	59.8753911	2.92264869			
20.3	282.97379	11.12453884	59.80128854	2.91904715			
20.35	282.8634	11.13330974	59.72746124	2.915458892			
20.4	282.73819	11.14205683	59.65390749	2.911883834			
20.45	282.60818	11.15078022	59.58062559	2.908321895			
20.5	282.48572	11.15948	59.50761388	2.904772996			
20.55	282.38211	11.16815626	59.43487069	2.901237056			
20.6	282.30411	11.17680909	59.36239438	2.897713998			
20.65	282.25253	11.1854386	59.2901833	2.894203744			
20.7	282.22299	11.19404486	59.21823586	2.890706216			
20.75	282.20856	11.20262797	59.14655043	2.887221336			
20.8	282.20258	11.21118803	59.07512543	2.88374903			
20.85	282.20038	11.21972511	59.00395928	2.880289222			
20.9	282.19901	11.22823931	58.93305041	2.876841837			
20.95	282.19638	11.23673073	58.86239729	2.873406801			
21	282.19012	11.24519943	58.79199836	2.86998404			
21.05	282.17728	11.25364553	58.7218521	2.866573481			
21.1	282.15463	11.26206909	58.65195701	2.863175053			
21.15	282.11993	11.27047022	58.58231158	2.859788683			
21.2	282.0726	11.27884899	58.51291432	2.8564143			
21.25	282.01379	11.28720549	58.44376376	2.853051833			
21.3	281.94525	11.29553981	58.37485844	2.849701213			
21.35	281.8685	11.30385203	58.30619691	2.846362371			
21.4	281.78433	11.31214224	58.23777773	2.843035236			
21.45	281.69342	11.32041052	58.16959948	2.839719742			
21.5	281.59723	11.32865695	58.10166073	2.83641582			
21.55	281.49875	11.33688162	58.03396009	2.833123404			
21.6	281.40244	11.34508461	57.96649617	2.829842426			
21.65	281.314	11.353266	57.89926758	2.826572821			
21.7	281.2392	11.36142587	57.83227296	2.823314523			
21.75	281.18262	11.36956431	57.76551095	2.820067466			
21.8	281.14673	11.37768139	57.69898021	2.816831587			
21.85	281.13278	11.38577719	57.63267939	2.813606822			
21.9	281.1427	11.39385181	57.56660718	2.810393107			
21.95	281.18039	11.4019053	57.50076225	2.807190379			
22	281.25031	11.40993777	57.43514331	2.803998575			
22.05	281.3541	11.41794927	57.36974907	2.800817634			
22.1	281.48727	11.42593989	57.30457823	2.797647494			
22.15	281.63828	11.43390971	57.23962953	2.794488095			
22.2	281.79077	11.44185881	57.17490171	2.791339375			
22.25	281.92798	11.44978726	57.11039351	2.788201274			
22.3	282.03741	11.45769514	57.0461037	2.785073734			
22.35	282.11401	11.46558252	56.98203103	2.781956695			
22.4	282.16049	11.47344948	56.91817429	2.778850098			
22.45	282.18457	11.4812961	56.85453226	2.775753885			
22.5	282.19498	11.48912245	56.79110374	2.772667999			
22.55	282.1987	11.49692861	56.72788754	2.769592382			
22.6	282.19974	11.50471464	56.66488247	2.766526977			
22.65	282.19998	11.51248062	56.60208735	2.763471728			
22.7	282.20001	11.52022663	56.53950102	2.760426579			
22.75	282.20004	11.52795274	56.47712233	2.757391475			
22.8	282.20016	11.53565902	56.41495012	2.75436636			
22.85	282.20074	11.54334554	56.35298325	2.751351179			
22.9	282.203	11.55101238	56.2912206	2.74834588			
22.95	282.20978	11.5586596	56.22966105	2.745350406			
23	282.22653	11.56628728	56.16830347	2.742364706			
23.05	282.2612	11.57389548	56.10714676	2.739388726			
23.1	282.3223	11.58148429	56.04618984	2.736422414			
23.15	282.41534	11.58905376	55.9854316	2.733465717			
23.2	282.53943	11.59660396	55.92487098	2.730518583			
23.25	282.68579	11.60413497	55.8645069	2.727580961			
23.3	282.83945	11.61164686	55.80433829	2.724652801			
23.35	282.98331	11.61913969	55.74436411	2.72173405			
23.4	283.1033	11.62661353	55.6845833	2.71882466			
23.45	283.19275	11.63406845	55.62499482	2.715924579			
23.5	283.25446	11.64150451	55.56559765	2.713033759			
23.55	283.29968	11.64892179	55.50639076	2.710152151			
23.6	283.34482	11.65632034	55.44737313	2.707279704			
23.65	283.40628	11.66370025	55.38854376	2.704416372			
23.7	283.49573	11.67106156	55.32990165	2.701562106			
23.75	283.61676	11.67840435	55.2714458	2.698716858			
23.8	283.76431	11.68572868	55.21317522	2.695880581			
23.85	283.92719	11.69303462	55.15508894	2.693053228			
23.9	284.09219	11.70032223	55.09718598	2.690234752			
23.95	284.24805	11.70759157	55.03946539	2.687425107			
24	284.38834	11.71484272	54.9819262	2.684624246			
24.05	284.51208	11.72207573	54.92456746	2.681832124			
24.1	284.6228	11.72929067	54.86738823	2.679048696			
24.15	284.72638	11.73648759	54.81038758	2.676273917			
24.2	284.82877	11.74366657	54.75356457	2.673507742			
24.25	284.93408	11.75082767	54.69691828	2.670750126			
24.3	285.04361	11.75797093	54.6404478	2.668001026			
24.35	285.15546	11.76509644	54.58415222	2.665260397			
24.4	285.26483	11.77220425	54.52803063	2.662528197			
24.45	285.36493	11.77929442	54.47208214	2.659804383			
24.5	285.44904	11.78636701	54.41630585	2.65708891			
24.55	285.51266	11.79342208	54.36070089	2.654381738			
24.6	285.5553	11.8004597	54.30526638	2.651682823			
24.65	285.58011	11.80747992	54.25000144	2.648992125			
24.7	285.59247	11.8144828	54.19490521	2.646309601			
24.75	285.59753	11.8214684	54.13997684	2.643635209			
24.8	285.59875	11.82843678	54.08521547	2.64096891			
24.85	285.59708	11.835388	54.03062026	2.638310661			
24.9	285.59052	11.84232211	53.97619036	2.635660424			
24.95	285.57376	11.84923919	53.92192494	2.633018157			
25	285.53839	11.85613927	53.86782317	2.630383821			
25.05	285.47501	11.86302243	53.81388423	2.627757377			
25.1	285.37704	11.86988871	53.76010731	2.625138784			
25.15	285.24463	11.87673818	53.70649159	2.622528003			
25.2	285.08667	11.88357089	53.65303627	2.619924997			
25.25	284.91904	11.8903869	53.59974054	2.617329727			
25.3	284.7605	11.89718627	53.54660362	2.614742154			
25.35	284.62708	11.90396904	53.49362471	2.61216224			
25.4	284.52786	11.91073529	53.44080303	2.609589947			
25.45	284.46338	11.91748505	53.38813781	2.607025239			
25.5	284.42715	11.92421839	53.33562826	2.604468078			
25.55	284.40985	11.93093536	53.28327364	2.601918427			
25.6	284.40295	11.93763602	53.23107316	2.599376249			
25.65	284.4007	11.94432041	53.17902609	2.596841508			
25.7	284.40012	11.95098861	53.12713166	2.594314168			
25.75	284.40002	11.95764065	53.07538912	2.591794192			
25.8	284.39999	11.96427659	53.02379775	2.589281546			
25.85	284.39999	11.97089649	52.9723568	2.586776193			
25.9	284.39999	11.97750039	52.92106554	2.584278098			
25.95	284.39999	11.98408836	52.86992325	2.581787227			
26	284.39999	11.99066044	52.8189292	2.579303545			
26.05	284.39999	11.99721669	52.76808268	2.576827017			
26.1	284.39996	12.00375715	52.71738298	2.574357608			
26.15	284.39987	12.01028188	52.66682939	2.571895286			
26.2	284.39929	12.01679094	52.61642121	2.569440015			
26.25	284.39709	12.02328437	52.56615775	2.566991763			
26.3	284.39047	12.02976222	52.5160383	2.564550496			
26.35	284.37402	12.03622454	52.46606218	2.562116181			
26.4	284.33981	12.04267139	52.41622872	2.559688785			
26.45	284.27939	12.04910282	52.36653723	2.557268275			
26.5	284.18704	12.05551887	52.31698703	2.554854618			
26.55	284.06354	12.0619196	52.26757746	2.552447783			
26.6	283.91751	12.06830505	52.21830785	2.550047738			
26.65	283.76385	12.07467528	52.16917755	2.54765445			
26.7	283.61966	12.08103033	52.12018589	2.545267888			
26.75	283.49908	12.08737026	52.07133223	2.54288802			
26.8	283.40897	12.09369511	52.02261591	2.540514816			
26.85	283.3468	12.10000492	51.97403629	2.538148244			
26.9	283.30136	12.10629976	51.92559274	2.535788273			
26.95	283.25641	12.11257966	51.87728461	2.533434872			
27	283.19537	12.11884468	51.82911129	2.531088012			
27.05	283.10611	12.12509486	51.78107213	2.528747662			
27.1	282.98413	12.13133024	51.73316652	2.526413792			
27.15	282.83237	12.13755089	51.68539384	2.524086372			
27.2	282.65872	12.14375684	51.63775348	2.521765373			
27.25	282.47183	12.14994814	51.59024482	2.519450764			
27.3	282.27872	12.15612484	51.54286725	2.517142518			
27.35	282.08395	12.16228698	51.49562018	2.514840604			
27.4	281.89136	12.16843461	51.44850301	2.512544993			
27.45	281.70596	12.17456778	51.40151514	2.510255658			
27.5	281.53516	12.18068653	51.35465598	2.507972569			
27.55	281.38797	12.1867909	51.30792494	2.505695698			
27.6	281.27188	12.19288095	51.26132143	2.503425018			
27.65	281.18869	12.19895672	51.21484489	2.501160499			
27.7	281.13217	12.20501825	51.16849473	2.498902114			
27.75	281.08887	12.21106558	51.12227038	2.496649836			
27.8	281.0416	12.21709877	51.07617126	2.494403637			
27.85	280.97455	12.22311785	51.03019683	2.492163489			
27.9	280.87762	12.22912288	50.9843465	2.489929367			
27.95	280.74844	12.23511389	50.93861973	2.487701241			
28	280.59186	12.24109093	50.89301596	2.485479087			
28.05	280.41678	12.24705404	50.84753464	2.483262877			
28.1	280.23233	12.25300326	50.80217522	2.481052585			
28.15	280.04553	12.25893864	50.75693716	2.478848184			
28.2	279.86093	12.26486023	50.71181991	2.476649649			
28.25	279.68195	12.27076806	50.66682294	2.474456953			
28.3	279.51254	12.27666217	50.62194572	2.47227007			
28.35	279.35837	12.28254261	50.5771877	2.470088976			
28.4	279.22574	12.28840943	50.53254838	2.467913644			
28.45	279.1189	12.29426266	50.48802721	2.465744049			
28.5	279.03665	12.30010234	50.44362368	2.463580166			
28.55	278.97009	12.30592853	50.39933728	2.46142197			
28.6	278.90332	12.31174125	50.35516748	2.459269436			
28.65	278.81686	12.31754055	50.31111377	2.45712254			
28.7	278.69339	12.32332647	50.26717566	2.454981256			
28.75	278.52301	12.32909905	50.22335262	2.452845561			
28.8	278.30612	12.33485834	50.17964417	2.45071543			
28.85	278.05191	12.34060437	50.13604979	2.448590839			
28.9	277.77353	12.34633718	50.092569	2.446471764			
28.95	277.48325	12.35205682	50.0492013	2.444358181			
29	277.18915	12.35776332	50.0059462	2.442250066			
29.05	276.89465	12.36345673	49.96280321	2.440147397			
29.1	276.59912	12.36913708	49.91977186	2.438050149			
29.15	276.29855	12.37480441	49.87685165	2.435958299			
29.2	275.98712	12.38045877	49.83404212	2.433871825			
29.25	275.65894	12.38610019	49.79134277	2.431790703			
29.3	275.31088	12.39172871	49.74875315	2.42971491			
29.35	274.94479	12.39734438	49.70627279	2.427644424			
29.4	274.56873	12.40294722	49.6639012	2.425579222			
29.45	274.19568	12.40853728	49.62163794	2.423519282			
29.5	273.8407	12.41411459	49.57948254	2.421464581			
29.55	273.51614	12.4196792	49.53743454	2.419415098			
29.6	273.22791	12.42523115	49.49549349	2.417370809			
29.65	272.97406	12.43077046	49.45365892	2.415331694			
29.7	272.74667	12.43629718	49.4119304	2.41329773			
29.75	272.53598	12.44181135	49.37030748	2.411268896			
29.8	272.33389	12.447313	49.3287897	2.40924517			
29.85	272.13541	12.45280217	49.28737662	2.407226531			
29.9	271.93808	12.4582789	49.24606782	2.405212958			
29.95	271.74106	12.46374322	49.20486284	2.403204429			
30	271.5441	12.46919518	49.16376126	2.401200923			
30.05	271.34698	12.47463481	49.12276263	2.39920242			
30.1	271.14923	12.48006214	49.08186654	2.397208899			
30.15	270.94901	12.48547721	49.04107256	2.395220339			
30.2	270.74158	12.49088006	49.00038025	2.393236719			
30.25	270.51724	12.49627072	48.95978921	2.391258019			
30.3	270.26089	12.50164924	48.919299	2.38928422			
30.35	269.95483	12.50701563	48.87890921	2.387315299			
30.4	269.58521	12.51236995	48.83861942	2.385351239			
30.45	269.14908	12.51771223	48.79842923	2.383392018			
30.5	268.65732	12.5230425	48.75833823	2.381437616			
30.55	268.13156	12.5283608	48.71834599	2.379488015			
30.6	267.59702	12.53366716	48.67845213	2.377543194			
30.65	267.07498	12.53896161	48.63865623	2.375603134			
30.7	266.57816	12.5442442	48.5989579	2.373667816			
30.75	266.10989	12.54951496	48.55935674	2.371737219			
30.8	265.66647	12.55477391	48.51985235	2.369811326			
30.85	265.24103	12.5600211	48.48044433	2.367890117			
30.9	264.82718	12.56525657	48.4411323	2.365973572			
30.95	264.42053	12.57048033	48.40191587	2.364061674			
31	264.01862	12.57569244	48.36279464	2.362154403			
31.05	263.62006	12.58089291	48.32376824	2.360251741			
31.1	263.22375	12.58608179	48.28483628	2.35835367			
31.15	262.8288	12.59125911	48.24599838	2.35646017			
31.2	262.43451	12.59642491	48.20725416	2.354571224			
31.25	262.0405	12.60157921	48.16860324	2.352686813			
31.3	261.64655	12.60672204	48.13004526	2.350806919			
31.35	261.25266	12.61185345	48.09157983	2.348931524			
31.4	260.85876	12.61697346	48.05320659	2.34706061			
31.45	260.46494	12.62208212	48.01492517	2.34519416			
31.5	260.0715	12.62717944	47.9767352	2.343332156			
31.55	259.67944	12.63226546	47.93863633	2.34147458			
31.6	259.29132	12.63734022	47.90062818	2.339621414			
31.65	258.91217	12.64240374	47.8627104	2.337772641			
31.7	258.54971	12.64745607	47.82488263	2.335928244			
31.75	258.21262	12.65249723	47.78714451	2.334088206			
31.8	257.90707	12.65752724	47.74949569	2.332252509			
31.85	257.63306	12.66254616	47.71193582	2.330421137			
31.9	257.38248	12.667554	47.67446455	2.328594072			
31.95	257.14032	12.6725508	47.63708153	2.326771297			
32	256.8887	12.67753658	47.59978641	2.324952797			
32.05	256.61215	12.68251139	47.56257885	2.323138553			
32.1	256.30212	12.68747525	47.52545851	2.32132855			
32.15	255.95953	12.69242819	47.48842505	2.319522771			
32.2	255.59393	12.69737024	47.45147812	2.3177212			
32.25	255.22002	12.70230144	47.41461739	2.31592382			
32.3	254.85281	12.70722181	47.37784252	2.314130615			
32.35	254.50333	12.71213139	47.34115319	2.312341569			
32.4	254.17531	12.7170302	47.30454906	2.310556666			
32.45	253.86433	12.72191828	47.2680298	2.308775889			
32.5	253.55928	12.72679566	47.23159508	2.306999224			
32.55	253.24557	12.73166236	47.19524458	2.305226655			
32.6	252.90971	12.73651842	47.15897798	2.303458164			
32.65	252.54372	12.74136386	47.12279494	2.301693738			
32.7	252.14813	12.74619872	47.08669515	2.29993336			
32.75	251.73236	12.75102302	47.05067829	2.298177015			
32.8	251.31236	12.75583679	47.01474405	2.296424688			
32.85	250.90608	12.76064008	46.9788921	2.294676363			
32.9	250.52811	12.76543289	46.94312214	2.292932025			
32.95	250.18568	12.77021526	46.90743385	2.291191659			
33	249.87744	12.77498723	46.87182692	2.289455249			
33.05	249.59573	12.77974881	46.83630103	2.287722782			
33.1	249.33063	12.78450005	46.8008559	2.285994242			
33.15	249.07304	12.78924096	46.7654912	2.284269614			
