Galaxy	rho0	rnfw	sig0	sigb	rdisc	rbulge	ChiSq
NGC 2841	100459947.8	57.00000217	3.10406E+14	5.33024E+12	1.124863987	1.160178235	1.2979
							
Rkpc	Vkms	Vhalo	Vdisc	Vbulge			
0.05	172.64171	0.346192689	22.2482127	465.7511385			
0.1	289.49649	0.489304514	39.7658662	329.3357884			
0.15	343.28012	0.598923547	55.11346947	268.9015452			
0.2	351.55478	0.691174164	68.92125496	232.8755693			
0.25	341.65353	0.772306063	81.51025676	208.2902413			
0.3	331.80334	0.845526478	93.08080326	190.1421061			
0.35	325.57153	0.912741829	103.7722732	176.0373836			
0.4	320.58902	0.975195023	113.6885545	164.6678942			
0.45	312.32782	1.033749916	122.9108598	155.2503795			
0.5	301.75323	1.089035869	131.5049284	147.2834421			
0.55	290.51294	1.14152829	139.5254052	140.429252			
0.6	273.52472	1.191596755	147.0186683	134.4507726			
0.65	250.01199	1.239535353	154.024741	129.176124			
0.7	228.5246	1.285582678	160.5786359	124.4772277			
0.75	215.41542	1.329935491	166.71133	120.2564269			
0.8	210.80783	1.372758334	172.4504894	116.4377846			
0.85	210.39366	1.414190478	177.8210228	112.9612435			
0.9	210.9357	1.454351051	182.8455098	109.7785961			
0.95	211.99721	1.493342908	187.5445408	106.8506392			
1	213.25674	1.531255586	191.9369879	104.1451206			
1.05	214.85732	1.568167604	196.0402266	101.6352308			
1.1	216.96838	1.604148281	199.8703174	99.29847638			
1.15	219.30617	1.639259179	203.4421569	97.11582575			
1.2	224.17802	1.673555271	206.7696047	95.07105304			
1.25	233.76265	1.707085889	209.8655913	93.1502277			
1.3	245.55609	1.739895509	212.7422096	91.34131322			
1.35	255.91875	1.772024393	215.4107946	89.6338484			
1.4	262.51047	1.80350913	217.8819912	88.01869181			
1.45	265.57623	1.834383095	220.1658146	86.48781517			
1.5	268.61044	1.864676825	222.2717027	85.03413492			
1.55	271.70142	1.894418353	224.2085622	83.6513739			
1.6	275.09195	1.923633486	225.9848097	82.3339471			
1.65	279.08615	1.952346044	227.6084084	81.07686645			
1.7	283.86398	1.980578071	229.0869007	79.87566128			
1.75	289.31726	2.008350014	230.4274376	78.72631127			
1.8	295.03119	2.035680884	231.6368056	77.62518975			
1.85	300.44324	2.062588391	232.7214499	76.56901551			
1.9	305.0777	2.089089067	233.6874972	75.55481158			
1.95	308.70334	2.115198376	234.5407747	74.57986994			
2	311.33923	2.140930804	235.2868291	73.64172103			
2.05	313.15479	2.166299947	235.9309425	72.73810741			
2.1	314.36063	2.191318586	236.4781482	71.86696092			
2.15	315.14752	2.215998753	236.9332446	71.02638276			
2.2	315.67032	2.240351794	237.3008082	70.21462601			
2.25	316.05072	2.264388419	237.585206	69.43008042			
2.3	316.38046	2.288118754	237.7906061	68.67125894			
2.35	316.72229	2.311552384	237.9209887	67.93678586			
2.4	317.11002	2.334698394	237.9801553	67.2253863			
2.45	317.55066	2.357565403	237.9717381	66.53587693			
2.5	318.03021	2.380161598	237.8992081	65.86715768			
2.55	318.52414	2.402494765	237.7658832	65.21820434			
2.6	319.01065	2.424572315	237.5749357	64.58806198			
2.65	319.4819	2.446401309	237.329399	63.97583905			
2.7	319.94958	2.467988481	237.0321741	63.38070203			
2.75	320.44287	2.489340259	236.6860362	62.80187071			
2.8	320.99976	2.510462785	236.2936398	62.23861385			
2.85	321.65399	2.531361932	235.857525	61.69024533			
2.9	322.42245	2.552043321	235.3801217	61.1561206			
2.95	323.29813	2.572512333	234.8637553	60.63563351			
3	324.25061	2.592774129	234.3106509	60.12821343			
3.05	325.2323	2.612833656	233.7229377	59.6333226			
3.1	326.18777	2.632695666	233.1026532	59.15045374			
3.15	327.06354	2.65236472	232.4517473	58.67912787			
3.2	327.81659	2.671845204	231.7720856	58.21889232			
3.25	328.41934	2.691141335	231.0654535	57.76931885			
3.3	328.86069	2.710257172	230.333559	57.33000207			
3.35	329.14661	2.729196623	229.5780366	56.9005578			
3.4	329.30228	2.747963453	228.8004495	56.48062175			
3.45	329.37314	2.766561295	228.0022934	56.06984814			
3.5	329.41879	2.784993648	227.1849986	55.66790856			
3.55	329.49905	2.803263892	226.349933	55.27449085			
3.6	329.6571	2.821375292	225.4984048	54.88929807			
3.65	329.90714	2.839330998	224.6316642	54.51204756			
3.7	330.23135	2.857134059	223.7509067	54.1424701			
3.75	330.58786	2.874787421	222.8572744	53.78030904			
3.8	330.92596	2.892293935	221.9518589	53.42531962			
3.85	331.20288	2.909656359	221.0357026	53.07726823			
3.9	331.39343	2.926877366	220.1098013	52.73593178			
3.95	331.48984	2.943959544	219.1751055	52.40109708			
4	331.49643	2.9609054	218.2325226	52.07256032			
4.05	331.42468	2.977717368	217.2829184	51.7501265			
4.1	331.29132	2.994397806	216.3271189	51.433609			
4.15	331.11664	3.010949003	215.3659115	51.12282906			
4.2	330.92133	3.02737318	214.4000469	50.81761541			
4.25	330.72311	3.043672494	213.4302405	50.51780385			
4.3	330.53448	3.059849041	212.4571736	50.22323689			
4.35	330.36295	3.075904857	211.4814949	49.93376337			
4.4	330.21237	3.091841921	210.5038215	49.64923819			
4.45	330.08444	3.107662157	209.5247407	49.36952194			
4.5	329.97955	3.123367438	208.5448106	49.09448068			
4.55	329.89621	3.138959584	207.5645616	48.82398562			
4.6	329.83087	3.154440368	206.5844972	48.55791287			
4.65	329.77844	3.169811517	205.6050954	48.29614324			
4.7	329.73364	3.18507471	204.6268094	48.03856197			
4.75	329.69189	3.200231585	203.6500689	47.78505856			
4.8	329.6489	3.215283738	202.6752807	47.53552652			
4.85	329.59952	3.230232724	201.7028298	47.28986324			
4.9	329.53647	3.245080059	200.7330802	47.04796977			
4.95	329.45102	3.259827221	199.7663759	46.80975067			
5	329.33569	3.274475654	198.8030414	46.57511385			
5.05	329.1875	3.289026763	197.8433827	46.34397042			
5.1	329.00946	3.303481925	196.8876882	46.11623454			
5.15	328.80896	3.317842478	195.9362288	45.89182331			
5.2	328.59454	3.332109733	194.9892595	45.67065661			
5.25	328.37259	3.346284969	194.0470192	45.45265701			
5.3	328.14584	3.360369435	193.1097319	45.23774962			
5.35	327.91315	3.374364352	192.1776072	45.02586204			
5.4	327.6701	3.388270913	191.2508407	44.8169242			
5.45	327.41049	3.402090286	190.3296149	44.61086828			
5.5	327.12881	3.41582361	189.4140995	44.40762865			
5.55	326.82294	3.429472001	188.5044519	44.20714172			
5.6	326.495	3.44303655	187.6008181	44.00934591			
5.65	326.15054	3.456518326	186.7033327	43.81418155			
5.7	325.79593	3.469918373	185.8121197	43.62159081			
5.75	325.4361	3.483237713	184.9272929	43.43151761			
5.8	325.07364	3.496477349	184.0489564	43.24390759			
5.85	324.70795	3.509638259	183.1772047	43.05870799			
5.9	324.33374	3.522721405	182.3121237	42.87586764			
5.95	323.93875	3.535727727	181.4537904	42.69533687			
6	323.50214	3.548658147	180.6022741	42.51706746			
6.05	322.99796	3.561513566	179.7576358	42.34101259			
6.1	322.40372	3.57429487	178.9199295	42.1671268			
6.15	321.7103	3.587002927	178.089202	41.99536589			
6.2	320.92648	3.599638586	177.2654932	41.82568695			
6.25	320.07419	3.612202682	176.4488367	41.65804825			
6.3	319.17853	3.624696032	175.6392601	41.49240923			
6.35	318.25931	3.637119439	174.836785	41.32873045			
6.4	317.32822	3.649473688	174.0414275	41.16697355			
6.45	316.39078	3.661759553	173.2531984	41.0071012			
6.5	315.44949	3.673977791	172.4721037	40.8490771			
6.55	314.50571	3.686129145	171.6981443	40.69286591			
6.6	313.56055	3.698214345	170.9313169	40.53843323			
6.65	312.61478	3.710234109	170.1716138	40.38574555			
6.7	311.66916	3.722189139	169.4190233	40.23477027			
6.75	310.72485	3.734080127	168.6735298	40.08547562			
6.8	309.78403	3.745907751	167.9351143	39.93783064			
6.85	308.85052	3.757672678	167.2037541	39.79180518			
6.9	307.92932	3.769375563	166.4794235	39.64736984			
6.95	307.02521	3.78101705	165.7620936	39.50449597			
7	306.14084	3.792597771	165.0517327	39.36315564			
7.05	305.27539	3.804118347	164.3483066	39.2233216			
7.1	304.42514	3.81557939	163.6517783	39.08496731			
7.15	303.58524	3.8269815	162.9621086	38.94806682			
7.2	302.7514	3.838325268	162.279256	38.81259488			
7.25	301.92099	3.849611275	161.6031769	38.67852679			
7.3	301.09305	3.860840091	160.933826	38.54583849			
7.35	300.26794	3.872012279	160.271156	38.41450646			
7.4	299.44763	3.88312839	159.615118	38.28450775			
7.45	298.63583	3.894188969	158.9656616	38.15581997			
7.5	297.83771	3.905194551	158.3227347	38.02842122			
7.55	297.05856	3.916145661	157.6862844	37.90229012			
7.6	296.30194	3.927042817	157.0562561	37.77740579			
7.65	295.56912	3.937886529	156.4325943	37.65374783			
7.7	294.86057	3.9486773	155.8152426	37.53129629			
7.75	294.17831	3.959415622	155.2041435	37.41003169			
7.8	293.52707	3.970101983	154.5992387	37.28993497			
7.85	292.91214	3.980736861	154.0004694	37.17098751			
7.9	292.33563	3.991320727	153.4077758	37.05317109			
7.95	291.79437	4.001854046	152.8210978	36.9364679			
8	291.2807	4.012337276	152.2403746	36.82086051			
8.05	290.78619	4.022770866	151.665545	36.7063319			
8.1	290.3046	4.033155261	151.0965476	36.59286538			
8.15	289.83276	4.043490898	150.5333206	36.48044463			
8.2	289.36932	4.053778208	149.9758018	36.3690537			
8.25	288.91324	4.064017615	149.4239291	36.25867696			
8.3	288.46277	4.074209538	148.87764	36.1492991			
8.35	288.0159	4.08435439	148.3368722	36.04090516			
8.4	287.57068	4.094452576	147.8015631	35.93348046			
8.45	287.12579	4.104504497	147.2716503	35.82701066			
8.5	286.68063	4.114510549	146.7470715	35.72148168			
8.55	286.23526	4.12447112	146.2277642	35.61687975			
8.6	285.79025	4.134386595	145.7136664	35.51319138			
8.65	285.34662	4.144257353	145.2047161	35.41040334			
8.7	284.90561	4.154083767	144.7008516	35.30850269			
8.75	284.46829	4.163866205	144.2020114	35.20747672			
8.8	284.03577	4.173605031	143.7081343	35.107313			
8.85	283.60941	4.183300603	143.2191593	35.00799933			
8.9	283.19174	4.192953274	142.7350259	34.90952375			
8.95	282.78668	4.202563393	142.255674	34.81187454			
9	282.39893	4.212131305	141.7810436	34.71504021			
9.05	282.03192	4.221657349	141.3110754	34.61900949			
9.1	281.68622	4.23114186	140.8457104	34.52377132			
9.15	281.35925	4.240585169	140.38489	34.42931486			
9.2	281.04688	4.249987601	139.9285563	34.33562947			
9.25	280.74554	4.25934948	139.4766515	34.24270473			
9.3	280.45346	4.268671124	139.0291187	34.15053039			
9.35	280.17029	4.277952845	138.5859013	34.05909641			
9.4	279.89581	4.287194954	138.1469432	33.96839293			
9.45	279.62915	4.296397758	137.7121889	33.87841027			
9.5	279.36899	4.305561558	137.2815834	33.78913895			
9.55	279.11404	4.314686652	136.8550724	33.70056962			
9.6	278.86362	4.323773335	136.4326019	33.61269315			
9.65	278.61758	4.332821899	136.0141188	33.52550054			
9.7	278.37589	4.341832629	135.5995702	33.43898298			
9.75	278.13864	4.350805811	135.1889042	33.35313179			
9.8	277.90619	4.359741725	134.7820692	33.26793847			
9.85	277.67941	4.368640647	134.3790142	33.18339465			
9.9	277.4595	4.377502851	133.979689	33.09949213			
9.95	277.24725	4.386328607	133.5840438	33.01622283			
10	277.04266	4.395118183	133.1920295	32.93357884			
10.05	276.84485	4.403871843	132.8035975	32.85155236			
10.1	276.65274	4.412589846	132.4187001	32.77013575			
10.15	276.46555	4.421272451	132.0372897	32.68932148			
10.2	276.28311	4.429919913	131.6593198	32.60910217			
10.25	276.10526	4.438532483	131.2847443	32.52947054			
10.3	275.93164	4.44711041	130.9135177	32.45041947			
10.35	275.76175	4.455653939	130.545595	32.37194192			
10.4	275.59518	4.464163315	130.1809321	32.29403099			
10.45	275.43201	4.472638776	129.8194851	32.21667991			
10.5	275.27274	4.481080561	129.4612111	32.13988199			
10.55	275.11804	4.489488905	129.1060675	32.06363068			
10.6	274.96863	4.49786404	128.7540124	31.98791952			
10.65	274.82571	4.506206195	128.4050046	31.91274217			
10.7	274.69156	4.514515597	128.0590032	31.83809238			
10.75	274.56958	4.522792471	127.7159682	31.76396401			
10.8	274.46326	4.531037039	127.3758599	31.69035101			
10.85	274.37457	4.539249521	127.0386394	31.61724745			
10.9	274.30298	4.547430133	126.7042681	31.54464748			
10.95	274.24597	4.555579091	126.3727083	31.47254533			
11	274.20068	4.563696607	126.0439226	31.40093535			
11.05	274.16519	4.571782891	125.7178742	31.32981197			
11.1	274.13861	4.579838151	125.3945269	31.25916968			
11.15	274.12018	4.587862593	125.073845	31.18900311			
11.2	274.10834	4.59585642	124.7557934	31.11930693			
11.25	274.10052	4.603819833	124.4403373	31.0500759			
11.3	274.09354	4.611753033	124.1274428	30.98130488			
11.35	274.08456	4.619656215	123.8170763	30.9129888			
11.4	274.07162	4.627529575	123.5092046	30.84512267			
11.45	274.05392	4.635373307	123.2037951	30.77770155			
11.5	274.03146	4.6431876	122.9008159	30.71072062			
11.55	274.00446	4.650972644	122.6002354	30.6441751			
11.6	273.97266	4.658728627	122.3020223	30.5780603			
11.65	273.93506	4.666455733	122.0061462	30.51237159			
11.7	273.89059	4.674154145	121.7125768	30.44710441			
11.75	273.83884	4.681824046	121.4212846	30.38225427			
11.8	273.78079	4.689465614	121.1322403	30.31781676			
11.85	273.71863	4.697079027	120.845415	30.2537875			
11.9	273.65509	4.704664463	120.5607806	30.19016222			
11.95	273.59271	4.712222093	120.2783092	30.12693668			
12	273.53336	4.719752092	119.9979733	30.06410672			
12.05	273.47787	4.72725463	119.7197459	30.00166821			
12.1	273.42661	4.734729877	119.4436004	29.93961713			
12.15	273.37982	4.742177998	119.1695107	29.87794947			
12.2	273.33813	4.749599162	118.8974511	29.8166613			
12.25	273.30255	4.756993531	118.6273961	29.75574875			
12.3	273.2738	4.764361268	118.3593208	29.695208			
12.35	273.25183	4.771702535	118.0932007	29.63503528			
12.4	273.23575	4.77901749	117.8290116	29.57522687			
12.45	273.22409	4.786306292	117.5667297	29.51577912			
12.5	273.21564	4.793569098	117.3063316	29.45668841			
12.55	273.20953	4.800806062	117.0477942	29.39795119			
12.6	273.20529	4.808017338	116.7910949	29.33956394			
12.65	273.20261	4.815203078	116.5362113	29.2815232			
12.7	273.20114	4.822363432	116.2831215	29.22382556			
12.75	273.20041	4.82949855	116.0318039	29.16646765			
12.8	273.20013	4.83660858	115.782237	29.10944616			
12.85	273.20004	4.843693668	115.5344001	29.0527578			
12.9	273.20001	4.850753959	115.2882723	28.99639934			
12.95	273.20001	4.857789597	115.0438336	28.9403676			
13	273.20001	4.864800725	114.8010638	28.88465943			
13.05	273.20001	4.871787483	114.5599433	28.82927172			
13.1	273.20001	4.878750012	114.3204527	28.77420143			
13.15	273.20001	4.88568845	114.082573	28.71944553			
13.2	273.20001	4.892602935	113.8462854	28.66500103			
13.25	273.20001	4.899493602	113.6115714	28.61086501			
13.3	273.20001	4.906360587	113.3784129	28.55703454			
13.35	273.20001	4.913204024	113.1467919	28.50350678			
13.4	273.20001	4.920024044	112.9166908	28.4502789			
13.45	273.20001	4.926820779	112.6880922	28.3973481			
13.5	273.20001	4.93359436	112.4609791	28.34471164			
13.55	273.20001	4.940344915	112.2353347	28.29236679			
13.6	273.20001	4.947072573	112.0111424	28.24031087			
13.65	273.20001	4.953777459	111.7883859	28.18854124			
13.7	273.20001	4.960459701	111.567049	28.13705528			
13.75	273.20007	4.967119421	111.3471162	28.0858504			
13.8	273.20026	4.973756745	111.1285716	28.03492407			
13.85	273.20096	4.980371794	110.9114001	27.98427376			
13.9	273.20297	4.98696469	110.6955865	27.93389699			
13.95	273.20761	4.993535554	110.4811159	27.8837913			
14	273.21667	5.000084503	110.2679737	27.83395428			
14.05	273.23178	5.006611658	110.0561455	27.78438353			
14.1	273.25406	5.013117135	109.8456171	27.73507669			
14.15	273.28381	5.01960105	109.6363745	27.68603142			
14.2	273.32129	5.02606352	109.4284039	27.63724542			
14.25	273.36731	5.032504658	109.2216917	27.58871642			
14.3	273.42355	5.038924577	109.0162246	27.54044217			
14.35	273.4917	5.045323392	108.8119893	27.49242043			
14.4	273.57224	5.051701212	108.6089729	27.44464903			
14.45	273.66367	5.058058148	108.4071627	27.3971258			
14.5	273.76297	5.064394311	108.206546	27.34984858			
14.55	273.86679	5.07070981	108.0071104	27.30281527			
14.6	273.97241	5.077004751	107.8088436	27.25602378			
14.65	274.07816	5.083279243	107.6117337	27.20947204			
14.7	274.18332	5.089533391	107.4157687	27.16315801			
14.75	274.28766	5.095767302	107.220937	27.11707968			
14.8	274.3912	5.101981078	107.027227	27.07123505			
14.85	274.4938	5.108174825	106.8346273	27.02562215			
14.9	274.59531	5.114348645	106.6431268	26.98023904			
14.95	274.69543	5.12050264	106.4527144	26.9350838			
15	274.79416	5.12663691	106.2633792	26.89015452			
15.05	274.89148	5.132751558	106.0751105	26.84544933			
15.1	274.98767	5.138846681	105.8878977	26.80096637			
15.15	275.08292	5.14492238	105.7017305	26.7567038			
15.2	275.17725	5.150978752	105.5165984	26.71265981			
15.25	275.2706	5.157015894	105.3324914	26.66883261			
15.3	275.36267	5.163033904	105.1493996	26.62522043			
15.35	275.45273	5.169032876	104.9673129	26.58182151			
15.4	275.53943	5.175012906	104.7862218	26.53863412			
15.45	275.62076	5.180974088	104.6061167	26.49565654			
15.5	275.69461	5.186916515	104.426988	26.45288709			
15.55	275.75949	5.192840282	104.2488266	26.41032409			
15.6	275.81516	5.198745479	104.0716231	26.36796589			
15.65	275.86227	5.204632198	103.8953686	26.32581084			
15.7	275.90182	5.210500531	103.7200541	26.28385733			
15.75	275.93427	5.216350566	103.5456709	26.24210376			
15.8	275.9595	5.222182394	103.3722101	26.20054854			
15.85	275.97739	5.227996103	103.1996632	26.15919011			
15.9	275.98834	5.233791781	103.0280218	26.11802692			
15.95	275.99319	5.239569516	102.8572775	26.07705744			
16	275.99261	5.245329394	102.6874221	26.03628016			
16.05	275.98645	5.251071502	102.5184474	25.99569357			
16.1	275.97406	5.256795925	102.3503454	25.9552962			
16.15	275.95471	5.262502748	102.1831083	25.91508657			
16.2	275.92822	5.268192054	102.0167281	25.87506325			
16.25	275.89499	5.273863929	101.8511973	25.83522479			
16.3	275.85544	5.279518454	101.6865082	25.79556978			
16.35	275.80951	5.285155712	101.5226532	25.75609681			
16.4	275.75674	5.290775784	101.359625	25.7168045			
16.45	275.69687	5.296378753	101.1974163	25.67769147			
16.5	275.63037	5.301964698	101.0360198	25.63875635			
16.55	275.55853	5.3075337	100.8754285	25.59999782			
16.6	275.48297	5.313085837	100.7156352	25.56141453			
16.65	275.405	5.31862119	100.5566331	25.52300517			
16.7	275.32553	5.324139835	100.3984152	25.48476844			
16.75	275.24503	5.329641852	100.2409749	25.44670304			
16.8	275.16379	5.335127317	100.0843054	25.40880771			
16.85	275.08212	5.340596306	99.9284001	25.37108117			
16.9	275.00037	5.346048896	99.77325252	25.33352218			
16.95	274.91882	5.351485163	99.61885621	25.29612951			
17	274.83762	5.356905181	99.46520482	25.25890193			
17.05	274.75677	5.362309025	99.31229206	25.22183822			
17.1	274.67599	5.367696769	99.16011173	25.18493719			
17.15	274.59451	5.373068487	99.0086577	25.14819766			
17.2	274.51117	5.378424251	98.85792394	25.11161844			
17.25	274.42456	5.383764134	98.70790445	25.07519838			
17.3	274.33337	5.389088207	98.55859334	25.03893633			
17.35	274.2366	5.394396543	98.40998477	25.00283114			
17.4	274.1337	5.399689212	98.26207299	24.96688169			
17.45	274.02371	5.404966285	98.11485229	24.93108686			
17.5	273.90479	5.410227832	97.96831705	24.89544554			
17.55	273.77432	5.415473922	97.82246172	24.85995665			
17.6	273.62973	5.420704625	97.6772808	24.82461909			
17.65	273.47	5.425920008	97.53276886	24.78943181			
17.7	273.29565	5.43112014	97.38892054	24.75439372			
17.75	273.10794	5.436305089	97.24573055	24.71950379			
17.8	272.90741	5.441474922	97.10319363	24.68476097			
17.85	272.69354	5.446629706	96.96130462	24.65016423			
17.9	272.46564	5.451769507	96.82005839	24.61571255			
17.95	272.22443	5.45689439	96.67944988	24.58140492			
18	271.97256	5.462004422	96.53947411	24.54724034			
18.05	271.71426	5.467099668	96.40012612	24.51321782			
18.1	271.45398	5.472180191	96.26140102	24.47933637			
18.15	271.19534	5.477246056	96.12329399	24.44559502			
18.2	270.94046	5.482297327	95.98580025	24.41199281			
18.25	270.68997	5.487334067	95.84891508	24.37852879			
18.3	270.44388	5.492356339	95.7126338	24.34520201			
18.35	270.20212	5.497364206	95.57695181	24.31201153			
18.4	269.96515	5.502357729	95.44186453	24.27895644			
18.45	269.73398	5.50733697	95.30736746	24.2460358			
18.5	269.50943	5.51230199	95.17345613	24.21324872			
18.55	269.2915	5.517252851	95.04012611	24.18059429			
18.6	269.07916	5.522189613	94.90737306	24.14807162			
18.65	268.87057	5.527112336	94.77519264	24.11567983			
18.7	268.66397	5.532021079	94.64358059	24.08341803			
18.75	268.45779	5.536915902	94.51253268	24.05128537			
18.8	268.25116	5.541796864	94.38204473	24.01928099			
18.85	268.0434	5.546664024	94.25211262	23.98740402			
18.9	267.83362	5.551517439	94.12273224	23.95565364			
18.95	267.62051	5.556357168	93.99389956	23.924029			
19	267.40234	5.561183268	93.86561058	23.89252928			
19.05	267.17752	5.565995796	93.73786132	23.86115365			
19.1	266.94547	5.570794808	93.61064789	23.82990131			
19.15	266.70728	5.575580362	93.48396639	23.79877144			
19.2	266.46594	5.580352514	93.357813	23.76776326			
19.25	266.22571	5.585111318	93.23218392	23.73687597			
19.3	265.99103	5.58985683	93.1070754	23.70610878			
19.35	265.76538	5.594589106	92.98248371	23.67546092			
19.4	265.55017	5.5993082	92.85840519	23.64493162			
19.45	265.34479	5.604014166	92.73483619	23.61452012			
19.5	265.14737	5.608707059	92.61177311	23.58422566			
19.55	264.95602	5.613386931	92.48921239	23.5540475			
19.6	264.76968	5.618053837	92.3671505	23.52398489			
19.65	264.58817	5.622707829	92.24558395	23.49403709			
19.7	264.41138	5.62734896	92.12450927	23.46420338			
19.75	264.23895	5.631977282	92.00392306	23.43448303			
19.8	264.06989	5.636592848	91.88382192	23.40487534			
19.85	263.90302	5.641195709	91.76420249	23.37537958			
19.9	263.73734	5.645785916	91.64506147	23.34599505			
19.95	263.57227	5.650363521	91.52639556	23.31672107			
20	263.40771	5.654928574	91.40820152	23.28755693			
20.05	263.24405	5.659481126	91.29047612	23.25850195			
20.1	263.08243	5.664021228	91.17321617	23.22955545			
20.15	262.92456	5.668548928	91.05641851	23.20071676			
20.2	262.77237	5.673064277	90.94008002	23.17198521			
20.25	262.62744	5.677567324	90.82419761	23.14336014			
20.3	262.49042	5.682058118	90.7087682	23.11484089			
20.35	262.36111	5.686536707	90.59378877	23.08642682			
20.4	262.23904	5.691003141	90.4792563	23.05811727			
20.45	262.12421	5.695457466	90.36516783	23.02991161			
20.5	262.01715	5.699899732	90.25152039	23.00180921			
20.55	261.91837	5.704329985	90.13831108	22.97380943			
20.6	261.82736	5.708748274	90.025537	22.94591166			
20.65	261.74261	5.713154644	89.91319528	22.91811527			
20.7	261.66187	5.717549143	89.80128309	22.89041965			
20.75	261.5827	5.721931817	89.68979762	22.8628242			
20.8	261.5033	5.726302713	89.57873609	22.83532831			
20.85	261.42264	5.730661876	89.46809573	22.80793138			
20.9	261.34058	5.735009352	89.35787382	22.78063283			
20.95	261.25793	5.739345187	89.24806766	22.75343206			
21	261.17636	5.743669425	89.13867455	22.7263285			
21.05	261.09821	5.747982112	89.02969185	22.69932157			
21.1	261.02573	5.752283292	88.92111693	22.67241068			
21.15	260.96054	5.756573009	88.81294718	22.64559529			
21.2	260.90314	5.760851308	88.70518001	22.61887481			
21.25	260.85321	5.765118233	88.59781287	22.5922487			
21.3	260.8103	5.769373827	88.49084322	22.56571639			
21.35	260.77444	5.773618133	88.38426856	22.53927735			
21.4	260.74622	5.777851196	88.27808638	22.51293102			
21.45	260.72583	5.782073057	88.17229423	22.48667687			
21.5	260.71277	5.786283759	88.06688967	22.46051435			
21.55	260.70547	5.790483345	87.96187026	22.43444293			
21.6	260.702	5.794671857	87.85723362	22.4084621			
21.65	260.70062	5.798849337	87.75297735	22.38257132			
21.7	260.7002	5.803015826	87.64909911	22.35677008			
21.75	260.7002	5.807171367	87.54559656	22.33105785			
21.8	260.70065	5.811316	87.44246738	22.30543414			
21.85	260.702	5.815449766	87.33970927	22.27989843			
21.9	260.70523	5.819572706	87.23731997	22.25445023			
21.95	260.71161	5.823684861	87.13529722	22.22908902			
22	260.7225	5.827786271	87.03363878	22.20381432			
22.05	260.73874	5.831876977	86.93234243	22.17862564			
22.1	260.76062	5.835957017	86.83140599	22.15352249			
22.15	260.78809	5.840026432	86.73082728	22.12850439			
22.2	260.82129	5.844085262	86.63060413	22.10357086			
22.25	260.86102	5.848133545	86.53073441	22.07872142			
22.3	260.90817	5.852171321	86.431216	22.0539556			
22.35	260.96301	5.856198628	86.3320468	22.02927293			
22.4	261.02457	5.860215505	86.23322472	22.00467295			
22.45	261.09058	5.864221991	86.13474769	21.9801552			
22.5	261.15826	5.868218123	86.03661368	21.95571923			
22.55	261.22495	5.87220394	85.93882063	21.93136457			
22.6	261.28882	5.87617948	85.84136655	21.90709077			
22.65	261.34909	5.880144779	85.74424944	21.8828974			
22.7	261.40601	5.884099876	85.64746731	21.85878401			
22.75	261.46042	5.888044808	85.5510182	21.83475016			
22.8	261.51337	5.891979611	85.45490016	21.8107954			
22.85	261.56561	5.895904323	85.35911127	21.78691932			
22.9	261.61771	5.899818981	85.26364962	21.76312148			
22.95	261.67017	5.903723619	85.16851329	21.73940145			
23	261.72385	5.907618276	85.07370041	21.71575881			
23.05	261.78036	5.911502986	84.97920911	21.69219314			
23.1	261.84232	5.915377785	84.88503755	21.66870402			
23.15	261.9129	5.91924271	84.79118388	21.64529104			
23.2	261.99472	5.923097796	84.69764628	21.62195379			
23.25	262.08871	5.926943078	84.60442295	21.59869187			
23.3	262.1937	5.930778591	84.51151209	21.57550486			
23.35	262.30688	5.93460437	84.41891193	21.55239237			
23.4	262.42542	5.93842045	84.32662071	21.52935399			
23.45	262.54688	5.942226865	84.23463668	21.50638934			
23.5	262.66989	5.94602365	84.1429581	21.48349802			
23.55	262.7934	5.949810839	84.05158326	21.46067964			
23.6	262.91623	5.953588466	83.96051044	21.43793382			
23.65	263.03662	5.957356564	83.86973796	21.41526017			
23.7	263.15222	5.961115168	83.77926413	21.3926583			
23.75	263.26077	5.964864311	83.6890873	21.37012785			
23.8	263.36084	5.968604027	83.5992058	21.34766843			
23.85	263.45258	5.972334347	83.50961801	21.32527968			
23.9	263.53745	5.976055307	83.42032229	21.30296123			
23.95	263.61774	5.979766937	83.33131703	21.2807127			
24	263.69559	5.983469272	83.24260063	21.25853373			
24.05	263.77255	5.987162343	83.1541715	21.23642396			
24.1	263.84952	5.990846182	83.06602807	21.21438304			
24.15	263.92682	5.994520823	82.97816878	21.1924106			
24.2	264.00458	5.998186297	82.89059206	21.1705063			
24.25	264.08286	6.001842635	82.8032964	21.14866977			
24.3	264.16171	6.00548987	82.71628025	21.12690068			
24.35	264.24124	6.009128033	82.6295421	21.10519867			
24.4	264.32159	6.012757155	82.54308045	21.0835634			
24.45	264.40271	6.016377267	82.45689381	21.06199453			
24.5	264.48456	6.019988402	82.3709807	21.04049172			
24.55	264.56714	6.023590589	82.28533964	21.01905464			
24.6	264.65042	6.027183859	82.19996919	20.99768295			
24.65	264.73444	6.030768243	82.11486789	20.97637631			
24.7	264.81921	6.034343771	82.03003431	20.95513441			
24.75	264.90454	6.037910474	81.94546703	20.9339569			
24.8	264.98999	6.041468381	81.86116463	20.91284348			
24.85	265.07498	6.045017523	81.7771257	20.8917938			
24.9	265.15884	6.04855793	81.69334886	20.87080757			
24.95	265.24097	6.052089631	81.60983272	20.84988445			
25	265.32117	6.055612656	81.52657592	20.82902413			
25.05	265.39963	6.059127035	81.44357709	20.80822629			
25.1	265.47681	6.062632795	81.36083487	20.78749064			
25.15	265.55334	6.066129968	81.27834794	20.76681685			
25.2	265.62973	6.069618581	81.19611495	20.74620462			
25.25	265.70633	6.073098663	81.11413458	20.72565364			
25.3	265.78333	6.076570244	81.03240554	20.70516362			
25.35	265.86081	6.080033351	80.9509265	20.68473425			
25.4	265.93875	6.083488014	80.86969619	20.66436523			
25.45	266.01724	6.08693426	80.78871331	20.64405626			
25.5	266.09641	6.090372117	80.7079766	20.62380706			
25.55	266.17636	6.093801615	80.62748479	20.60361733			
25.6	266.25745	6.09722278	80.54723663	20.58348677			
25.65	266.34015	6.10063564	80.46723087	20.56341511			
25.7	266.42554	6.104040223	80.38746627	20.54340205			
25.75	266.51523	6.107436556	80.30794161	20.52344731			
25.8	266.61121	6.110824667	80.22865567	20.5035506			
25.85	266.71518	6.114204583	80.14960724	20.48371165			
25.9	266.82761	6.117576332	80.07079511	20.46393018			
25.95	266.94794	6.120939939	79.9922181	20.4442059			
26	267.07489	6.124295432	79.91387502	20.42453855			
26.05	267.20734	6.127642838	79.8357647	20.40492785			
26.1	267.34482	6.130982183	79.75788597	20.38537353			
26.15	267.48706	6.134313493	79.68023766	20.36587532			
26.2	267.63379	6.137636796	79.60281863	20.34643296			
26.25	267.78427	6.140952117	79.52562775	20.32704616			
26.3	267.93768	6.144259482	79.44866386	20.30771469			
26.35	268.09332	6.147558918	79.37192585	20.28843825			
26.4	268.25085	6.15085045	79.2954126	20.26921661			
26.45	268.41025	6.154134103	79.21912299	20.2500495			
26.5	268.57141	6.157409905	79.14305594	20.23093666			
26.55	268.73407	6.160677879	79.06721033	20.21187784			
26.6	268.89786	6.163938051	78.99158508	20.19287278			
26.65	269.06229	6.167190448	78.91617912	20.17392123			
26.7	269.22702	6.170435093	78.84099137	20.15502293			
26.75	269.39172	6.173672012	78.76602076	20.13617765			
26.8	269.55597	6.176901229	78.69126624	20.11738514			
26.85	269.71899	6.18012277	78.61672676	20.09864514			
26.9	269.87936	6.18333666	78.54240128	20.07995741			
26.95	270.03519	6.186542922	78.46828876	20.06132172			
27	270.18466	6.189741581	78.39438817	20.04273781			
27.05	270.32654	6.192932663	78.32069848	20.02420546			
27.1	270.4606	6.19611619	78.2472187	20.00572441			
27.15	270.58722	6.199292187	78.1739478	19.98729445			
27.2	270.70673	6.202460677	78.10088479	19.96891532			
27.25	270.81882	6.205621686	78.02802867	19.9505868			
27.3	270.92279	6.208775237	77.95537846	19.93230866			
27.35	271.01859	6.211921353	77.88293317	19.91408067			
27.4	271.10742	6.215060058	77.81069184	19.89590259			
27.45	271.19205	6.218191375	77.73865348	19.8777742			
27.5	271.27625	6.221315329	77.66681716	19.85969528			
27.55	271.36417	6.224431941	77.5951819	19.84166559			
27.6	271.45917	6.227541236	77.52374676	19.82368492			
27.65	271.56339	6.230643236	77.4525108	19.80575304			
27.7	271.67709	6.233737965	77.38147308	19.78786974			
27.75	271.79956	6.236825444	77.31063268	19.77003479			
27.8	271.92972	6.239905698	77.23998867	19.75224798			
27.85	272.06711	6.242978748	77.16954013	19.7345091			
27.9	272.21179	6.246044618	77.09928616	19.71681791			
27.95	272.36368	6.249103329	77.02922585	19.69917423			
28	272.52203	6.252154904	76.9593583	19.68157782			
28.05	272.68515	6.255199365	76.88968261	19.66402848			
28.1	272.85114	6.258236734	76.82019791	19.646526			
28.15	273.01822	6.261267034	76.7509033	19.62907018			
28.2	273.18527	6.264290287	76.68179792	19.6116608			
28.25	273.35172	6.267306514	76.61288089	19.59429766			
28.3	273.51724	6.270315736	76.54415135	19.57698056			
28.35	273.68161	6.273317977	76.47560844	19.55970929			
28.4	273.84445	6.276313257	76.40725131	19.54248365			
28.45	274.00528	6.279301597	76.3390791	19.52530344			
28.5	274.16382	6.28228302	76.27109099	19.50816847			
28.55	274.32007	6.285257547	76.20328613	19.49107852			
28.6	274.47452	6.288225198	76.13566369	19.47403341			
28.65	274.62802	6.291185995	76.06822284	19.45703294			
28.7	274.78174	6.294139959	76.00096277	19.44007692			
28.75	274.93671	6.29708711	75.93388266	19.42316515			
28.8	275.09372	6.300027471	75.86698169	19.40629744			
28.85	275.25317	6.30296106	75.80025907	19.3894736			
28.9	275.41483	6.3058879	75.733714	19.37269343			
28.95	275.57834	6.308808011	75.66734567	19.35595676			
29	275.74323	6.311721412	75.60115331	19.3392634			
29.05	275.90918	6.314628125	75.53513611	19.32261314			
29.1	276.07599	6.31752817	75.46929332	19.30600582			
29.15	276.24347	6.320421567	75.40362414	19.28944125			
29.2	276.41122	6.323308337	75.33812782	19.27291924			
29.25	276.57867	6.326188498	75.27280358	19.25643962			
29.3	276.745	6.329062072	75.20765066	19.24000219			
29.35	276.90948	6.331929078	75.14266831	19.22360679			
29.4	277.07169	6.334789536	75.07785578	19.20725323			
29.45	277.23157	6.337643466	75.01321233	19.19094133			
29.5	277.38971	6.340490886	74.9487372	19.17467093			
29.55	277.54694	6.343331818	74.88442967	19.15844183			
29.6	277.70422	6.34616628	74.820289	19.14225388			
29.65	277.8624	6.348994292	74.75631446	19.12610689			
29.7	278.02191	6.351815873	74.69250533	19.11000069			
29.75	278.18271	6.354631042	74.62886089	19.09393511			
29.8	278.34396	6.357439819	74.56538043	19.07790998			
29.85	278.50415	6.360242222	74.50206324	19.06192514			
29.9	278.66122	6.36303827	74.4389086	19.04598041			
29.95	278.81311	6.365827983	74.37591582	19.03007562			
30	278.95844	6.368611379	74.31308421	19.01421061			
30.05	279.09665	6.371388477	74.25041306	18.99838521			
30.1	279.22806	6.374159295	74.18790169	18.98259926			
30.15	279.35287	6.376923853	74.12554942	18.9668526			
30.2	279.47083	6.379682169	74.06335556	18.95114506			
30.25	279.5813	6.38243426	74.00131944	18.93547648			
30.3	279.68387	6.385180146	73.93944039	18.9198467			
30.35	279.77905	6.387919845	73.87771774	18.90425556			
30.4	279.86807	6.390653375	73.81615081	18.8887029			
30.45	279.95255	6.393380754	73.75473897	18.87318856			
30.5	280.03369	6.396102001	73.69348154	18.85771239			
30.55	280.11218	6.398817132	73.63237787	18.84227422			
30.6	280.18832	6.401526167	73.57142732	18.82687392			
30.65	280.26224	6.404229123	73.51062924	18.81151131			
30.7	280.33386	6.406926017	73.44998299	18.79618624			
30.75	280.40262	6.409616868	73.38948794	18.78089857			
30.8	280.46756	6.412301693	73.32914345	18.76564815			
30.85	280.52747	6.41498051	73.26894889	18.75043481			
30.9	280.5816	6.417653336	73.20890363	18.73525841			
30.95	280.62976	6.420320188	73.14900706	18.72011881			
31	280.67224	6.422981085	73.08925856	18.70501585			
31.05	280.70905	6.425636042	73.0296575	18.68994938			
31.1	280.73975	6.428285078	72.97020329	18.67491926			
31.15	280.76358	6.430928209	72.91089531	18.65992534			
31.2	280.78033	6.433565453	72.85173295	18.64496749			
31.25	280.79068	6.436196826	72.79271562	18.63004554			
31.3	280.7962	6.438822346	72.73384273	18.61515937			
31.35	280.79871	6.441442029	72.67511367	18.60030882			
31.4	280.79962	6.444055892	72.61652785	18.58549375			
31.45	280.79977	6.446663953	72.5580847	18.57071403			
31.5	280.79941	6.449266226	72.49978362	18.55596952			
31.55	280.79816	6.45186273	72.44162405	18.54126007			
31.6	280.79504	6.454453481	72.38360539	18.52658554			
31.65	280.7886	6.457038494	72.32572708	18.51194581			
31.7	280.77728	6.459617787	72.26798854	18.49734072			
31.75	280.75986	6.462191376	72.21038922	18.48277014			
31.8	280.73587	6.464759277	72.15292854	18.46823395			
31.85	280.7052	6.467321506	72.09560596	18.45373199			
31.9	280.66739	6.46987808	72.0384209	18.43926415			
31.95	280.62064	6.472429014	71.98137281	18.42483028			
32	280.56219	6.474974325	71.92446116	18.41043026			
32.05	280.48947	6.477514028	71.86768538	18.39606394			
32.1	280.40164	6.480048139	71.81104493	18.38173121			
32.15	280.30038	6.482576675	71.75453928	18.36743192			
32.2	280.18903	6.485099651	71.69816787	18.35316595			
32.25	280.07132	6.487617082	71.64193019	18.33893317			
32.3	279.9501	6.490128984	71.58582569	18.32473345			
32.35	279.82715	6.492635374	71.52985385	18.31056667			
32.4	279.70355	6.495136265	71.47401414	18.29643269			
32.45	279.58044	6.497631675	71.41830604	18.28233139			
32.5	279.45944	6.500121617	71.36272902	18.26826264			
32.55	279.34259	6.502606109	71.30728257	18.25422633			
32.6	279.23187	6.505085164	71.25196618	18.24022232			
32.65	279.12848	6.507558798	71.19677933	18.22625049			
32.7	279.0325	6.510027026	71.14172151	18.21231071			
32.75	278.94275	6.512489864	71.08679221	18.19840288			
32.8	278.85779	6.514947326	71.03199095	18.18452685			
32.85	278.77628	6.517399427	70.9773172	18.17068252			
32.9	278.69751	6.519846183	70.92277048	18.15686976			
32.95	278.62109	6.522287607	70.86835029	18.14308845			
33	278.54691	6.524723716	70.81405613	18.12933848			
33.05	278.47498	6.527154523	70.75988753	18.11561972			
33.1	278.40582	6.529580044	70.70584399	18.10193206			
33.15	278.34033	6.532000292	70.65192502	18.08827537			
33.2	278.27972	6.534415284	70.59813015	18.07464955			
33.25	278.22464	6.536825032	70.54445889	18.06105448			
33.3	278.17496	6.539229552	70.49091077	18.04749003			
33.35	278.12964	6.541628858	70.43748532	18.0339561			
33.4	278.08713	6.544022964	70.38418206	18.02045258			
33.45	278.04584	6.546411886	70.33100053	18.00697934			
33.5	278.00464	6.548795636	70.27794026	17.99353628			
33.55	277.96268	6.551174229	70.22500078	17.98012328			
33.6	277.91916	6.55354768	70.17218164	17.96674023			
33.65	277.87277	6.555916002	70.11948237	17.95338702			
33.7	277.82144	6.558279209	70.06690252	17.94006354			
33.75	277.76254	6.560637316	70.01444164	17.92676968			
33.8	277.69379	6.562990337	69.96209928	17.91350533			
33.85	277.61441	6.565338284	69.90987497	17.90027038			
33.9	277.52554	6.567681173	69.85776829	17.88706472			
33.95	277.4299	6.570019017	69.80577878	17.87388824			
34	277.33057	6.572351829	69.75390601	17.86074084			
34.05	277.23019	6.574679623	69.70214952	17.84762241			
34.1	277.1304	6.577002414	69.6505089	17.83453284			
34.15	277.03195	6.579320214	69.59898369	17.82147203			
34.2	276.93509	6.581633037	69.54757348	17.80843987			
34.25	276.84012	6.583940896	69.49627782	17.79543627			
34.3	276.74762	6.586243806	69.44509629	17.7824611			
34.35	276.65854	6.588541779	69.39402847	17.76951428			
34.4	276.57379	6.590834828	69.34307393	17.75659569			
34.45	276.49399	6.593122967	69.29223225	17.74370524			
34.5	276.41922	6.59540621	69.24150302	17.73084282			
34.55	276.34955	6.597684568	69.1908858	17.71800833			
34.6	276.28552	6.599958057	69.1403802	17.70520167			
34.65	276.22806	6.602226687	69.08998579	17.69242274			
34.7	276.17822	6.604490474	69.03970217	17.67967145			
34.75	276.1362	6.606749428	68.98952893	17.66694768			
34.8	276.10144	6.609003565	68.93946566	17.65425135			
34.85	276.07281	6.611252895	68.88951195	17.64158234			
34.9	276.04956	6.613497433	68.83966742	17.62894058			
34.95	276.03128	6.615737191	68.78993165	17.61632595			
35	276.01794	6.617972182	68.74030425	17.60373836			
35.05	276.00912	6.620202418	68.69078482	17.59117772			
35.1	276.00403	6.622427912	68.64137298	17.57864393			
35.15	276.00153	6.624648677	68.59206832	17.56613688			
35.2	276.00049	6.626864726	68.54287046	17.5536565			
35.25	276.00012	6.62907607	68.493779	17.54120268			
35.3	276.00003	6.631282722	68.44479358	17.52877533			
35.35	276	6.633484695	68.39591379	17.51637436			
35.4	276	6.635682002	68.34713927	17.50399967			
35.45	276	6.637874653	68.29846962	17.49165116			
35.5	276	6.640062663	68.24990447	17.47932876			
35.55	275.99997	6.642246042	68.20144345	17.46703236			
35.6	275.99979	6.644424804	68.15308618	17.45476188			
35.65	275.99918	6.64659896	68.10483229	17.44251721			
35.7	275.99738	6.648768523	68.05668141	17.43029829			
35.75	275.99319	6.650933504	68.00863317	17.418105			
35.8	275.98492	6.653093916	67.96068721	17.40593727			
35.85	275.97086	6.65524977	67.91284315	17.393795			
35.9	275.94998	6.657401079	67.86510064	17.38167811			
35.95	275.92218	6.659547854	67.81745931	17.36958651			
36	275.88803	6.661690108	67.76991881	17.35752011			
36.05	275.84811	6.663827851	67.72247878	17.34547881			
36.1	275.80249	6.665961097	67.67513886	17.33346255			
36.15	275.75092	6.668089856	67.6278987	17.32147122			
36.2	275.69348	6.670214141	67.58075795	17.30950474			
36.25	275.63104	6.672333962	67.53371625	17.29756303			
36.3	275.56549	6.674449332	67.48677326	17.28564601			
36.35	275.49936	6.676560263	67.43992863	17.27375358			
36.4	275.43527	6.678666765	67.39318202	17.26188566			
36.45	275.3754	6.68076885	67.34653308	17.25004217			
36.5	275.32104	6.682866529	67.29998146	17.23822302			
36.55	275.27258	6.684959815	67.25352684	17.22642814			
36.6	275.22983	6.687048718	67.20716887	17.21465743			
36.65	275.19275	6.68913325	67.16090721	17.20291082			
36.7	275.16177	6.691213422	67.11474154	17.19118822			
36.75	275.1376	6.693289245	67.06867151	17.17948955			
36.8	275.12048	6.695360731	67.02269679	17.16781474			
36.85	275.1098	6.69742789	66.97681706	17.15616369			
36.9	275.10403	6.699490734	66.93103198	17.14453633			
36.95	275.10132	6.701549274	66.88534123	17.13293258			
37	275.10001	6.703603521	66.83974448	17.12135236			
