Galaxy	rho0	rnfw	sig0	sigb	rdisc	rbulge	ChiSq
UGC 3691	99996696959	67.80359904	4.49937E+13	9.99695E+12	0.1	0.1	1.3948
							
Rkpc	Vkms	Vhalo	Vdisc	Vbulge			
0.05	9.07708	11.91361662	16.05538817	54.97807835			
0.1	16.15789	16.84012567	22.89384856	38.87537202			
0.15	20.89114	20.61473763	25.96410351	31.74160834			
0.2	24.49644	23.79217677	26.96978157	27.48903918			
0.25	27.45633	26.58742793	26.81172403	24.58694409			
0.3	29.81039	29.11080622	26.0178716	22.4447065			
0.35	31.87513	31.4278778	24.90770151	20.77976041			
0.4	33.69394	33.5813847	23.67456801	19.43768601			
0.45	35.32263	35.60103093	22.43272874	18.32602612			
0.5	36.90657	37.50845499	21.24621826	17.3855949			
0.55	38.49051	39.32000064	20.14732399	16.57651433			
0.6	40.16148	41.04837195	19.14866848	15.87080417			
0.65	42.01879	42.70367706	18.25116325	15.24817543			
0.7	43.98764	44.29411591	17.44920871	14.6935095			
0.75	45.96875	45.82644994	16.73402477	14.19527879			
0.8	47.94986	47.30633286	16.09570929	13.74451959			
0.85	49.93097	48.73854955	15.52444102	13.3341426			
0.9	51.91208	50.12719245	15.01112107	12.95845734			
0.95	53.95339	51.4757945	14.5476596	12.61283619			
1	56.17061	52.78743088	14.12704973	12.29347205			
1.05	58.55907	54.06479812	13.74332311	11.99720027			
1.1	61.00305	55.31027645	13.39144758	11.72136569			
1.15	63.44703	56.52597956	13.06720342	11.46372179			
1.2	65.89101	57.71379469	12.76705899	11.22235325			
1.25	68.33499	58.87541526	12.48805639	10.99561567			
1.3	70.78432	60.01236777	12.22771148	10.78208824			
1.35	73.24668	61.12603396	11.9839293	10.58053611			
1.4	75.71906	62.21766944	11.75493398	10.38988021			
1.45	77.83107	63.28841925	11.53921141	10.20917285			
1.5	79.8347	64.3393311	11.33546278	10.03757789			
1.55	81.65289	65.37136659	11.142567	9.874354368			
1.6	83.25445	66.38541086	10.95955049	9.718843005			
1.65	84.64594	67.38228084	10.78556272	9.570455009			
1.7	85.85029	68.36273245	10.61985648	9.428662651			
1.75	86.88876	69.32746679	10.46177181	9.292991367			
1.8	87.77621	70.27713558	10.31072292	9.163013059			
1.85	88.52557	71.21234593	10.16618745	9.038340405			
1.9	89.15147	72.13366451	10.02769762	8.918622002			
1.95	89.66881	73.04162122	9.894832804	8.803538187			
2	90.09063	73.93671251	9.767213461	8.692797449			
2.05	90.42932	74.81940423	9.644495905	8.586133318			
2.1	90.69992	75.69013422	9.526367952	8.483301664			
2.15	90.92083	76.54931469	9.412545197	8.384078349			
2.2	91.11071	77.39733419	9.302767828	8.288257163			
2.25	91.28455	78.23455954	9.196797899	8.195648031			
2.3	91.45202	79.06133749	9.094416959	8.106075418			
2.35	91.61875	79.87799624	8.995424009	8.019376932			
2.4	91.78907	80.68484677	8.899633709	7.935402084			
2.45	91.96827	81.48218415	8.806874821	7.854011193			
2.5	92.16319	82.2702886	8.716988832	7.775074404			
2.55	92.38081	83.04942656	8.629828749	7.698470818			
2.6	92.62563	83.81985163	8.545258024	7.624087713			
2.65	92.89764	84.58180541	8.463149609	7.551819847			
2.7	93.19228	85.33551826	8.38338511	7.481568834			
2.75	93.50256	86.08121009	8.305854038	7.413242573			
2.8	93.82178	86.81909095	8.230453131	7.346754749			
2.85	94.14516	87.54936169	8.157085753	7.282024371			
2.9	94.47012	88.2722145	8.085661353	7.218975354			
2.95	94.79562	88.98783341	8.016094975	7.157536149			
3	95.12158	89.6963948	7.948306815	7.097639396			
3.05	95.44877	90.39806782	7.882221827	7.039221617			
3.1	95.77911	91.09301483	7.817769359	6.982222933			
3.15	96.11601	91.78139175	7.754882825	6.926586804			
3.2	96.46405	92.46334841	7.693499405	6.872259794			
3.25	96.82774	93.1390289	7.633559778	6.819191357			
3.3	97.20962	93.8085719	7.575007869	6.767333636			
3.35	97.60916	94.47211089	7.517790627	6.716641284			
3.4	98.02293	95.12977449	7.461857813	6.667071298			
3.45	98.44623	95.78168668	7.407161812	6.618582864			
3.5	98.8748	96.42796703	7.353657459	6.571137213			
3.55	99.30573	97.06873092	7.301301875	6.524697499			
3.6	99.73752	97.70408974	7.250054325	6.47922867			
3.65	100.16954	98.33415112	7.199876076	6.434697361			
3.7	100.60151	98.95901904	7.150730276	6.391071791			
3.75	101.03305	99.57879406	7.102581834	6.348321667			
3.8	101.46318	100.1935735	7.055397314	6.306418096			
3.85	101.88978	100.8034514	7.009144837	6.265333502			
3.9	102.30922	101.4085189	6.963793986	6.22504155			
3.95	102.71689	102.0088644	6.919315722	6.185517077			
4	103.10867	102.6045734	6.875682305	6.146736024			
4.05	103.48267	103.1957288	6.832867218	6.108675373			
4.1	103.84023	103.7824111	6.7908451	6.071313093			
4.15	104.18517	104.3646983	6.749591682	6.034628086			
4.2	104.52213	104.9426661	6.709083724	5.998600134			
4.25	104.85497	105.5163881	6.669298964	5.963209854			
4.3	105.18609	106.0859356	6.63021606	5.928438654			
4.35	105.51664	106.6513781	6.591814548	5.894268694			
4.4	105.84706	107.212783	6.55407479	5.860682844			
4.45	106.17755	107.7702158	6.516977935	5.82766465			
4.5	106.50835	108.3237404	6.480505877	5.795198299			
4.55	106.83999	108.8734188	6.44464122	5.763268589			
4.6	107.17345	109.4193113	6.409367238	5.731860897			
4.65	107.5101	109.9614768	6.374667846	5.700961152			
4.7	107.85138	110.4999724	6.340527569	5.670555809			
4.75	108.19829	111.0348539	6.306931509	5.640631823			
4.8	108.55119	111.5661757	6.273865319	5.611176625			
4.85	108.91063	112.0939906	6.241315179	5.582178102			
4.9	109.27999	112.6183503	6.209267769	5.553624574			
4.95	109.66982	113.1393051	6.177710246	5.525504776			
5	110.10208	113.6569041	6.146630226	5.497807835			
5.05	110.61001	114.1711952	6.116015755	5.470523261			
5.1	111.22979	114.6822251	6.085855299	5.44364092			
5.15	111.98513	115.1900394	6.05613772	5.417151026			
5.2	112.87343	115.6946827	6.026852258	5.391044122			
5.25	113.86395	116.1961985	5.997988518	5.365311068			
5.3	114.91045	116.6946292	5.969536453	5.339943024			
5.35	115.97021	117.1900164	5.941486347	5.314931444			
5.4	117.01703	117.6824007	5.913828803	5.290268056			
5.45	118.04234	118.1718217	5.886554731	5.265944856			
5.5	119.04723	118.6583182	5.859655333	5.241954094			
5.55	120.03266	119.1419281	5.83312209	5.218288266			
5.6	120.99333	119.6226885	5.806946754	5.194940103			
5.65	121.91722	120.1006357	5.781121334	5.171902561			
5.7	122.79025	120.5758052	5.755638088	5.149168813			
5.75	123.60315	121.0482317	5.730489513	5.126732241			
5.8	124.35645	121.5179493	5.705668333	5.104586426			
5.85	125.0605	121.9849912	5.681167492	5.082725142			
5.9	125.73071	122.4493901	5.656980146	5.061142347			
5.95	126.38175	122.9111779	5.633099656	5.03983218			
6	127.02389	123.3703859	5.609519576	5.018788947			
6.05	127.66267	123.8270448	5.58623365	4.998007123			
6.1	128.3002	124.2811846	5.563235801	4.97748134			
6.15	128.93655	124.7328347	5.540520129	4.957206382			
6.2	129.5704	125.182024	5.518080901	4.937177184			
6.25	130.19902	125.6287808	5.495912547	4.917388819			
6.3	130.81868	126.0731329	5.474009651	4.8978365			
6.35	131.4257	126.5151075	5.452366949	4.87851557			
6.4	132.01785	126.9547313	5.430979324	4.859421503			
6.45	132.5955	127.3920304	5.409841795	4.840549891			
6.5	133.16136	127.8270307	5.388949519	4.821896451			
6.55	133.71925	128.2597572	5.368297784	4.803457008			
6.6	134.27283	128.6902348	5.347882002	4.785227504			
6.65	134.82472	129.1184878	5.327697707	4.767203985			
6.7	135.37657	129.5445401	5.307740553	4.749382599			
6.75	135.92935	129.968415	5.288006304	4.731759597			
6.8	136.48372	130.3901356	5.268490837	4.714331326			
6.85	137.04044	130.8097245	5.249190133	4.697094225			
6.9	137.60155	131.2272039	5.230100277	4.680044825			
6.95	138.1731	131.6425956	5.211217453	4.663179743			
7	138.769	132.0559211	5.192537942	4.646495684			
7.05	139.41377	132.4672014	5.174058115	4.62998943			
7.1	140.13968	132.8764572	5.155774436	4.613657847			
7.15	140.97623	133.2837089	5.137683455	4.597497875			
7.2	141.93562	133.6889765	5.119781808	4.581506529			
7.25	143.00188	134.0922796	5.10206621	4.565680898			
7.3	144.13039	134.4936377	5.084533458	4.550018139			
